Alignment_name	No_of_taxa	Alignment_length	Total_matrix_cells	Undetermined_characters	Missing_percent	No_variable_sites	Proportion_variable_sites	Parsimony_informative_sites	Proportion_parsimony_informative	AT_content	GC_content	A	C	G	T	K	M	R	Y	S	W	B	V	H	D	X	N	O	-	?
Crown_Oz_L1.fasta-gb_NT.fasta	67	1329	89043	2323	2.609	719	0.541	565	0.425	0.615	0.385	28933	16555	16770	24417	0	0	21	24	0	0	0	0	0	0	0	2323	0	0	0
Crown_Oz_L10.fasta-gb_NT.fasta	69	747	51543	2209	4.286	268	0.359	214	0.286	0.502	0.498	12289	12612	11908	12502	0	0	7	16	0	0	0	0	0	0	0	1387	0	822	0
Crown_Oz_L100.fasta-gb_NT.fasta	99	1728	171072	6080	3.554	943	0.546	811	0.469	0.602	0.398	61375	29668	36055	37823	0	0	23	48	0	0	0	0	0	0	0	5195	0	885	0
Crown_Oz_L101.fasta-gb_NT.fasta	99	1824	180576	5459	3.023	1194	0.655	1006	0.552	0.572	0.428	58662	43414	31512	41401	0	0	77	51	0	0	0	0	0	0	0	5459	0	0	0
Crown_Oz_L102.fasta-gb_NT.fasta	101	1437	145137	5986	4.124	947	0.659	746	0.519	0.53	0.47	42642	37060	28343	31056	0	0	28	22	0	0	0	0	0	0	0	5074	0	912	0
Crown_Oz_L103.fasta-gb_NT.fasta	74	1521	112554	5261	4.674	982	0.646	800	0.526	0.565	0.435	33520	27677	19008	27013	0	0	42	33	0	0	0	0	0	0	0	4640	0	621	0
Crown_Oz_L104.fasta-gb_NT.fasta	99	1116	110484	4638	4.198	546	0.489	471	0.422	0.538	0.462	26315	23576	25263	30642	0	0	13	37	0	0	0	0	0	0	0	1716	0	2922	0
Crown_Oz_L105.fasta-gb_NT.fasta	94	801	75294	3535	4.695	601	0.75	480	0.599	0.545	0.455	19670	14826	17820	19420	0	0	11	12	0	0	0	0	0	0	0	2695	0	840	0
Crown_Oz_L106.fasta-gb_NT.fasta	97	1125	109125	1764	1.616	480	0.427	385	0.342	0.466	0.534	27173	37264	20075	22789	0	0	7	53	0	0	0	0	0	0	0	1764	0	0	0
Crown_Oz_L107.fasta-gb_NT.fasta	67	1653	110751	3158	2.851	961	0.581	727	0.44	0.516	0.484	29824	29854	22239	25600	0	0	35	41	0	0	0	0	0	0	0	3158	0	0	0
Crown_Oz_L108.fasta-gb_NT.fasta	73	1767	128991	3943	3.057	733	0.415	542	0.307	0.596	0.404	36683	24434	26057	37820	0	0	24	30	0	0	0	0	0	0	0	3739	0	204	0
Crown_Oz_L109.fasta-gb_NT.fasta	92	1809	166428	6344	3.812	1122	0.62	937	0.518	0.587	0.413	57942	32179	33780	36071	0	0	55	57	0	0	0	0	0	0	0	4961	0	1383	0
Crown_Oz_L11.fasta-gb_NT.fasta	95	891	84645	3135	3.704	574	0.644	485	0.544	0.6	0.4	22536	16740	15877	26292	0	0	27	38	0	0	0	0	0	0	0	1824	0	1311	0
Crown_Oz_L110.fasta-gb_NT.fasta	71	1833	130143	2532	1.946	1049	0.572	752	0.41	0.494	0.506	33490	35238	29242	29532	0	0	53	56	0	0	0	0	0	0	0	1896	0	636	0
Crown_Oz_L111.fasta-gb_NT.fasta	69	876	60444	2731	4.518	404	0.461	270	0.308	0.603	0.397	17536	10489	12408	17238	0	0	25	17	0	0	0	0	0	0	0	2389	0	342	0
Crown_Oz_L112.fasta-gb_NT.fasta	96	1641	157536	7937	5.038	1116	0.68	778	0.474	0.557	0.443	45364	32246	33966	37868	0	0	60	95	0	0	0	0	0	0	0	1892	0	6045	0
Crown_Oz_L113.fasta-gb_NT.fasta	101	1770	178770	1540	0.861	826	0.467	717	0.405	0.525	0.475	48877	41142	43031	44065	0	0	43	72	0	0	0	0	0	0	0	1540	0	0	0
Crown_Oz_L114.fasta-gb_NT.fasta	90	1212	109080	3007	2.757	678	0.559	547	0.451	0.53	0.47	29597	25507	24304	26580	0	0	39	46	0	0	0	0	0	0	0	1933	0	1074	0
Crown_Oz_L115.fasta-gb_NT.fasta	91	792	72072	1054	1.462	405	0.511	343	0.433	0.446	0.554	15388	20046	19274	16223	0	0	30	57	0	0	0	0	0	0	0	1054	0	0	0
Crown_Oz_L116.fasta-gb_NT.fasta	99	1029	101871	3273	3.213	569	0.553	494	0.48	0.486	0.514	24660	26214	24433	23219	0	0	29	43	0	0	0	0	0	0	0	1803	0	1470	0
Crown_Oz_L117.fasta-gb_NT.fasta	81	1305	105705	12763	12.074	534	0.409	438	0.336	0.537	0.463	23178	19905	23185	26552	0	0	38	84	0	0	0	0	0	0	0	12118	0	645	0
Crown_Oz_L118.fasta-gb_NT.fasta	100	1236	123600	9635	7.795	665	0.538	559	0.452	0.553	0.447	32483	27039	23851	30548	0	0	14	30	0	0	0	0	0	0	0	5504	0	4131	0
Crown_Oz_L119.fasta-gb_NT.fasta	98	885	86730	1391	1.604	569	0.643	453	0.512	0.498	0.502	26560	22578	20275	15863	0	0	33	30	0	0	0	0	0	0	0	1391	0	0	0
Crown_Oz_L12.fasta-gb_NT.fasta	99	1389	137511	6001	4.364	860	0.619	727	0.523	0.602	0.398	45173	23533	28753	33953	0	0	46	52	0	0	0	0	0	0	0	3781	0	2220	0
Crown_Oz_L120.fasta-gb_NT.fasta	99	1404	138996	3939	2.834	859	0.612	716	0.51	0.549	0.451	41430	32658	28258	32641	0	0	36	34	0	0	0	0	0	0	0	3939	0	0	0
Crown_Oz_L121.fasta-gb_NT.fasta	73	714	52122	3807	7.304	433	0.606	354	0.496	0.575	0.425	13490	10484	10036	14273	0	0	19	13	0	0	0	0	0	0	0	2802	0	1005	0
Crown_Oz_L122.fasta-gb_NT.fasta	64	1422	91008	5935	6.521	903	0.635	691	0.486	0.474	0.526	22757	25614	18983	17622	0	0	41	56	0	0	0	0	0	0	0	4414	0	1521	0
Crown_Oz_L123.fasta-gb_NT.fasta	83	1422	118026	2349	1.99	677	0.476	568	0.399	0.437	0.563	25495	37413	27671	25037	0	0	24	37	0	0	0	0	0	0	0	1851	0	498	0
Crown_Oz_L124.fasta-gb_NT.fasta	75	1614	121050	2453	2.026	670	0.415	480	0.297	0.569	0.431	37621	26227	24915	29793	0	0	11	30	0	0	0	0	0	0	0	2234	0	219	0
Crown_Oz_L125.fasta-gb_NT.fasta	100	1080	108000	940	0.87	601	0.556	512	0.474	0.54	0.46	36171	23868	25327	21585	0	0	56	53	0	0	0	0	0	0	0	940	0	0	0
Crown_Oz_L126.fasta-gb_NT.fasta	99	714	70686	1838	2.6	351	0.492	307	0.43	0.458	0.542	16689	19174	18093	14842	0	0	25	25	0	0	0	0	0	0	0	1016	0	822	0
Crown_Oz_L127.fasta-gb_NT.fasta	99	966	95634	1940	2.029	528	0.547	429	0.444	0.625	0.375	35518	15578	19488	23064	0	0	28	18	0	0	0	0	0	0	0	1349	0	591	0
Crown_Oz_L128.fasta-gb_NT.fasta	100	1500	150000	412	0.275	642	0.428	579	0.386	0.576	0.424	42112	32115	31199	44090	0	0	35	37	0	0	0	0	0	0	0	412	0	0	0
Crown_Oz_L129.fasta-gb_NT.fasta	94	1530	143820	1656	1.151	721	0.471	602	0.393	0.564	0.436	43943	30127	31748	36229	0	0	64	53	0	0	0	0	0	0	0	1656	0	0	0
Crown_Oz_L13.fasta-gb_NT.fasta	70	807	56490	2681	4.746	561	0.695	420	0.52	0.598	0.402	17683	11080	10534	14461	0	0	26	25	0	0	0	0	0	0	0	2678	0	3	0
Crown_Oz_L130.fasta-gb_NT.fasta	99	969	95931	5538	5.773	669	0.69	572	0.59	0.587	0.413	30454	17651	19654	22584	0	0	30	20	0	0	0	0	0	0	0	5463	0	75	0
Crown_Oz_L131.fasta-gb_NT.fasta	64	762	48768	2651	5.436	552	0.724	459	0.602	0.55	0.45	14496	11692	9043	10857	0	0	18	11	0	0	0	0	0	0	0	2642	0	9	0
Crown_Oz_L132.fasta-gb_NT.fasta	98	714	69972	1754	2.507	387	0.542	334	0.468	0.552	0.448	23912	14515	16065	13679	0	0	21	26	0	0	0	0	0	0	0	692	0	1062	0
Crown_Oz_L133.fasta-gb_NT.fasta	99	1458	144342	3425	2.373	836	0.573	712	0.488	0.601	0.399	43386	25729	30511	41226	0	0	33	32	0	0	0	0	0	0	0	3131	0	294	0
Crown_Oz_L134.fasta-gb_NT.fasta	89	1404	124956	2456	1.965	857	0.61	693	0.494	0.565	0.435	36638	24759	28442	32588	0	0	40	33	0	0	0	0	0	0	0	1661	0	795	0
Crown_Oz_L135.fasta-gb_NT.fasta	99	1617	160083	1425	0.89	951	0.588	811	0.502	0.538	0.462	45403	37407	35758	39939	0	0	62	89	0	0	0	0	0	0	0	1425	0	0	0
Crown_Oz_L136.fasta-gb_NT.fasta	72	1587	114264	2049	1.793	1018	0.641	829	0.522	0.534	0.466	32330	26757	25475	27533	0	0	59	61	0	0	0	0	0	0	0	2049	0	0	0
Crown_Oz_L137.fasta-gb_NT.fasta	97	1419	137643	5048	3.667	792	0.558	710	0.5	0.501	0.499	40514	31398	34697	25904	0	0	43	39	0	0	0	0	0	0	0	5045	0	3	0
Crown_Oz_L138.fasta-gb_NT.fasta	99	1542	152658	6955	4.556	1044	0.677	886	0.575	0.593	0.407	45160	30158	29126	41166	0	0	51	42	0	0	0	0	0	0	0	6955	0	0	0
Crown_Oz_L139.fasta-gb_NT.fasta	100	1539	153900	2571	1.671	853	0.554	732	0.476	0.562	0.438	50605	34579	31744	34348	0	0	25	28	0	0	0	0	0	0	0	2121	0	450	0
Crown_Oz_L14.fasta-gb_NT.fasta	90	1047	94230	1488	1.579	566	0.541	473	0.452	0.547	0.453	26043	21364	20591	24707	0	0	12	25	0	0	0	0	0	0	0	1488	0	0	0
Crown_Oz_L140.fasta-gb_NT.fasta	56	471	26376	657	2.491	234	0.497	179	0.38	0.594	0.406	9188	5069	5360	6082	0	0	16	4	0	0	0	0	0	0	0	657	0	0	0
Crown_Oz_L141.fasta-gb_NT.fasta	99	1257	124443	4246	3.412	482	0.383	380	0.302	0.5	0.5	30747	28552	31522	29355	0	0	7	14	0	0	0	0	0	0	0	3637	0	609	0
Crown_Oz_L142.fasta-gb_NT.fasta	96	1545	148320	3899	2.629	846	0.548	716	0.463	0.487	0.513	39519	35442	38661	30754	0	0	17	28	0	0	0	0	0	0	0	1631	0	2268	0
Crown_Oz_L143.fasta-gb_NT.fasta	74	1392	103008	2726	2.646	858	0.616	721	0.518	0.485	0.515	26664	27187	24391	21908	0	0	63	69	0	0	0	0	0	0	0	2378	0	348	0
Crown_Oz_L144.fasta-gb_NT.fasta	94	705	66270	494	0.745	321	0.455	276	0.391	0.49	0.51	15993	17443	16111	16194	0	0	17	18	0	0	0	0	0	0	0	494	0	0	0
Crown_Oz_L145.fasta-gb_NT.fasta	99	1623	160677	3301	2.054	816	0.503	696	0.429	0.587	0.413	45444	29613	35274	46952	0	0	32	61	0	0	0	0	0	0	0	3010	0	291	0
Crown_Oz_L146.fasta-gb_NT.fasta	101	1686	170286	7236	4.249	1126	0.668	963	0.571	0.517	0.483	45505	40550	38172	38642	0	0	84	97	0	0	0	0	0	0	0	4530	0	2706	0
Crown_Oz_L147.fasta-gb_NT.fasta	70	888	62160	1535	2.469	544	0.613	477	0.537	0.534	0.466	14951	15640	12604	17359	0	0	23	48	0	0	0	0	0	0	0	1121	0	414	0
Crown_Oz_L148.fasta-gb_NT.fasta	99	1314	130086	3284	2.524	706	0.537	577	0.439	0.527	0.473	39914	30670	29254	26896	0	0	35	33	0	0	0	0	0	0	0	3002	0	282	0
Crown_Oz_L149.fasta-gb_NT.fasta	60	1254	75240	1208	1.606	527	0.42	452	0.36	0.51	0.49	21355	16735	19467	16400	0	0	33	42	0	0	0	0	0	0	0	1208	0	0	0
Crown_Oz_L15.fasta-gb_NT.fasta	87	681	59247	334	0.564	378	0.555	315	0.463	0.561	0.439	15074	12755	13072	17989	0	0	11	12	0	0	0	0	0	0	0	334	0	0	0
Crown_Oz_L150.fasta-gb_NT.fasta	74	1479	109446	4349	3.974	861	0.582	673	0.455	0.572	0.428	32755	23511	21405	27336	0	0	36	54	0	0	0	0	0	0	0	4130	0	219	0
Crown_Oz_L151.fasta-gb_NT.fasta	92	405	37260	1003	2.692	251	0.62	200	0.494	0.522	0.478	10916	9031	8266	7999	0	0	20	25	0	0	0	0	0	0	0	634	0	369	0
Crown_Oz_L152.fasta-gb_NT.fasta	98	1587	155526	2573	1.654	921	0.58	808	0.509	0.545	0.455	44457	34529	35016	38768	0	0	73	110	0	0	0	0	0	0	0	2573	0	0	0
Crown_Oz_L153.fasta-gb_NT.fasta	83	582	48306	333	0.689	315	0.541	269	0.462	0.521	0.479	13801	11334	11638	11172	0	0	13	15	0	0	0	0	0	0	0	333	0	0	0
Crown_Oz_L154.fasta-gb_NT.fasta	94	495	46530	1045	2.246	346	0.699	280	0.566	0.521	0.479	12620	9698	12063	11078	0	0	13	13	0	0	0	0	0	0	0	1045	0	0	0
Crown_Oz_L155.fasta-gb_NT.fasta	98	1431	140238	3940	2.81	959	0.67	857	0.599	0.606	0.394	49282	25559	28159	33228	0	0	29	41	0	0	0	0	0	0	0	3937	0	3	0
Crown_Oz_L156.fasta-gb_NT.fasta	100	1419	141900	1322	0.932	740	0.521	629	0.443	0.589	0.411	46866	32442	25373	35828	0	0	31	38	0	0	0	0	0	0	0	1280	0	42	0
Crown_Oz_L157.fasta-gb_NT.fasta	100	1611	161100	5693	3.534	858	0.533	723	0.449	0.571	0.429	45130	30790	35935	43467	0	0	36	49	0	0	0	0	0	0	0	3314	0	2379	0
Crown_Oz_L158.fasta-gb_NT.fasta	98	771	75558	104	0.138	432	0.56	374	0.485	0.574	0.426	22752	15512	16600	20540	0	0	15	35	0	0	0	0	0	0	0	104	0	0	0
Crown_Oz_L159.fasta-gb_NT.fasta	60	1365	81900	663	0.81	763	0.559	586	0.429	0.546	0.454	22965	17604	19245	21305	0	0	58	60	0	0	0	0	0	0	0	543	0	120	0
Crown_Oz_L16.fasta-gb_NT.fasta	73	1125	82125	798	0.972	544	0.484	461	0.41	0.55	0.45	24138	17666	18893	20565	0	0	34	31	0	0	0	0	0	0	0	582	0	216	0
Crown_Oz_L160.fasta-gb_NT.fasta	73	1716	125268	1546	1.234	859	0.501	720	0.42	0.575	0.425	42351	26622	25956	28716	0	0	34	43	0	0	0	0	0	0	0	1546	0	0	0
Crown_Oz_L161.fasta-gb_NT.fasta	69	1464	101016	4266	4.223	663	0.453	517	0.353	0.579	0.421	30916	22208	18452	25102	0	0	39	33	0	0	0	0	0	0	0	3387	0	879	0
Crown_Oz_L162.fasta-gb_NT.fasta	97	1197	116109	2850	2.455	728	0.608	628	0.525	0.578	0.422	35905	25623	22186	29512	0	0	15	18	0	0	0	0	0	0	0	2850	0	0	0
Crown_Oz_L163.fasta-gb_NT.fasta	99	1476	146124	3520	2.409	865	0.586	728	0.493	0.6	0.4	48934	25756	31222	36518	0	0	93	81	0	0	0	0	0	0	0	2608	0	912	0
Crown_Oz_L164.fasta-gb_NT.fasta	99	1467	145233	5206	3.585	692	0.472	553	0.377	0.541	0.459	41105	34157	29978	34693	0	0	44	50	0	0	0	0	0	0	0	3961	0	1245	0
Crown_Oz_L165.fasta-gb_NT.fasta	71	690	48990	462	0.943	305	0.442	238	0.345	0.572	0.428	15016	9283	11487	12690	0	0	21	31	0	0	0	0	0	0	0	252	0	210	0
Crown_Oz_L166.fasta-gb_NT.fasta	71	888	63048	226	0.358	403	0.454	323	0.364	0.587	0.413	21008	11943	14008	15836	0	0	15	12	0	0	0	0	0	0	0	226	0	0	0
Crown_Oz_L167.fasta-gb_NT.fasta	88	1086	95568	1997	2.09	787	0.725	660	0.608	0.54	0.46	25584	25931	17117	24914	0	0	14	11	0	0	0	0	0	0	0	1997	0	0	0
Crown_Oz_L168.fasta-gb_NT.fasta	101	1542	155742	1170	0.751	715	0.464	580	0.376	0.449	0.551	38598	45208	39948	30751	0	0	24	43	0	0	0	0	0	0	0	1170	0	0	0
Crown_Oz_L169.fasta-gb_NT.fasta	73	981	71613	2207	3.082	724	0.738	582	0.593	0.532	0.468	22961	13925	18500	13959	0	0	26	35	0	0	0	0	0	0	0	1991	0	216	0
Crown_Oz_L17.fasta-gb_NT.fasta	100	1671	167100	5205	3.115	1210	0.724	974	0.583	0.573	0.427	50080	31262	37940	42526	0	0	46	41	0	0	0	0	0	0	0	4797	0	408	0
Crown_Oz_L170.fasta-gb_NT.fasta	98	1401	137298	6085	4.432	812	0.58	700	0.5	0.443	0.557	31306	37911	35059	26788	0	0	60	89	0	0	0	0	0	0	0	6058	0	27	0
Crown_Oz_L171.fasta-gb_NT.fasta	98	1653	161994	5749	3.549	954	0.577	811	0.491	0.525	0.475	47372	36311	37889	34616	0	0	28	29	0	0	0	0	0	0	0	5539	0	210	0
Crown_Oz_L172.fasta-gb_NT.fasta	69	906	62514	2219	3.55	571	0.63	465	0.513	0.563	0.437	15610	13781	12485	18260	0	0	68	91	0	0	0	0	0	0	0	1604	0	615	0
Crown_Oz_L173.fasta-gb_NT.fasta	96	1497	143712	2525	1.757	750	0.501	644	0.43	0.544	0.456	39954	29729	34673	36727	0	0	46	58	0	0	0	0	0	0	0	2240	0	285	0
Crown_Oz_L174.fasta-gb_NT.fasta	68	738	50184	1753	3.493	353	0.478	292	0.396	0.577	0.423	15100	10284	10200	12806	0	0	25	16	0	0	0	0	0	0	0	1147	0	606	0
Crown_Oz_L175.fasta-gb_NT.fasta	72	927	66744	2142	3.209	445	0.48	309	0.333	0.544	0.456	17781	15295	14120	17347	0	0	28	31	0	0	0	0	0	0	0	1098	0	1044	0
Crown_Oz_L176.fasta-gb_NT.fasta	58	693	40194	1950	4.851	345	0.498	312	0.45	0.56	0.44	11210	8837	7978	10181	0	0	12	26	0	0	0	0	0	0	0	1476	0	474	0
Crown_Oz_L177.fasta-gb_NT.fasta	87	1128	98136	6820	6.95	737	0.653	621	0.551	0.494	0.506	25139	25676	20491	19956	0	0	20	34	0	0	0	0	0	0	0	4840	0	1980	0
Crown_Oz_L178.fasta-gb_NT.fasta	71	1206	85626	430	0.502	507	0.42	464	0.385	0.527	0.473	23286	19390	20880	21599	0	0	19	22	0	0	0	0	0	0	0	430	0	0	0
Crown_Oz_L179.fasta-gb_NT.fasta	97	774	75078	5370	7.153	491	0.634	422	0.545	0.505	0.495	21555	16199	18251	13619	0	0	49	35	0	0	0	0	0	0	0	3075	0	2295	0
Crown_Oz_L18.fasta-gb_NT.fasta	99	1524	150876	1005	0.666	784	0.514	666	0.437	0.598	0.402	46297	27919	32264	43277	0	0	51	63	0	0	0	0	0	0	0	1005	0	0	0
Crown_Oz_L180.fasta-gb_NT.fasta	69	1026	70794	1208	1.706	614	0.598	511	0.498	0.516	0.484	17579	17787	15860	18313	0	0	21	26	0	0	0	0	0	0	0	1046	0	162	0
Crown_Oz_L181.fasta-gb_NT.fasta	100	1839	183900	2770	1.506	1260	0.685	969	0.527	0.51	0.49	53553	38728	49930	38884	0	0	26	9	0	0	0	0	0	0	0	2770	0	0	0
Crown_Oz_L182.fasta-gb_NT.fasta	69	873	60237	1798	2.985	510	0.584	435	0.498	0.486	0.514	11208	14958	15070	17151	0	0	22	30	0	0	0	0	0	0	0	565	0	1233	0
Crown_Oz_L183.fasta-gb_NT.fasta	66	915	60390	2460	4.074	606	0.662	483	0.528	0.61	0.39	21389	9738	12811	13937	0	0	28	27	0	0	0	0	0	0	0	2460	0	0	0
Crown_Oz_L184.fasta-gb_NT.fasta	75	1605	120375	2111	1.754	986	0.614	770	0.48	0.578	0.422	37438	25369	24548	30815	0	0	49	45	0	0	0	0	0	0	0	2111	0	0	0
Crown_Oz_L185.fasta-gb_NT.fasta	96	1143	109728	2020	1.841	589	0.515	502	0.439	0.573	0.427	34610	22663	23271	27118	0	0	18	28	0	0	0	0	0	0	0	1732	0	288	0
Crown_Oz_L186.fasta-gb_NT.fasta	96	936	89856	2514	2.798	565	0.604	514	0.549	0.545	0.455	26431	19826	19884	21109	0	0	45	47	0	0	0	0	0	0	0	2139	0	375	0
Crown_Oz_L187.fasta-gb_NT.fasta	99	1569	155331	2559	1.647	926	0.59	764	0.487	0.563	0.437	47643	34820	31850	38386	0	0	36	37	0	0	0	0	0	0	0	2001	0	558	0
Crown_Oz_L188.fasta-gb_NT.fasta	92	1335	122820	604	0.492	675	0.506	563	0.422	0.568	0.432	41759	28864	23859	27676	0	0	33	25	0	0	0	0	0	0	0	604	0	0	0
Crown_Oz_L189.fasta-gb_NT.fasta	93	1038	96534	7126	7.382	774	0.746	646	0.622	0.635	0.365	27870	14395	18181	28881	0	0	44	37	0	0	0	0	0	0	0	6079	0	1047	0
Crown_Oz_L19.fasta-gb_NT.fasta	71	1284	91164	3913	4.292	905	0.705	765	0.596	0.606	0.394	33359	16671	17655	19480	0	0	46	40	0	0	0	0	0	0	0	3913	0	0	0
Crown_Oz_L190.fasta-gb_NT.fasta	98	1641	160818	1462	0.909	843	0.514	736	0.449	0.588	0.412	57269	34511	31142	36348	0	0	41	45	0	0	0	0	0	0	0	1462	0	0	0
Crown_Oz_L191.fasta-gb_NT.fasta	101	1302	131502	3788	2.881	818	0.628	623	0.478	0.59	0.41	42702	26502	25768	32689	0	0	20	33	0	0	0	0	0	0	0	2300	0	1488	0
Crown_Oz_L192.fasta-gb_NT.fasta	74	1191	88134	1713	1.944	568	0.477	423	0.355	0.577	0.423	26307	22428	14151	23503	0	0	7	25	0	0	0	0	0	0	0	1713	0	0	0
Crown_Oz_L193.fasta-gb_NT.fasta	73	1452	105996	2611	2.463	1024	0.705	883	0.608	0.587	0.413	32708	21496	21121	27998	0	0	27	35	0	0	0	0	0	0	0	2413	0	198	0
Crown_Oz_L194.fasta-gb_NT.fasta	98	1416	138768	21157	15.246	1107	0.782	989	0.698	0.555	0.445	36316	26080	26529	28617	0	0	27	42	0	0	0	0	0	0	0	10384	0	10773	0
Crown_Oz_L195.fasta-gb_NT.fasta	101	1524	153924	8476	5.507	790	0.518	663	0.435	0.556	0.444	49642	34097	30466	31162	0	0	35	46	0	0	0	0	0	0	0	8458	0	18	0
Crown_Oz_L196.fasta-gb_NT.fasta	73	1539	112347	4824	4.294	1042	0.677	885	0.575	0.52	0.48	32423	25342	26090	23522	0	0	76	70	0	0	0	0	0	0	0	4824	0	0	0
Crown_Oz_L197.fasta-gb_NT.fasta	100	1455	145500	2701	1.856	756	0.52	650	0.447	0.578	0.422	42842	31937	28329	39623	0	0	31	37	0	0	0	0	0	0	0	1804	0	897	0
Crown_Oz_L198.fasta-gb_NT.fasta	100	1089	108900	1673	1.536	697	0.64	548	0.503	0.514	0.486	31588	29089	23067	23420	0	0	31	32	0	0	0	0	0	0	0	1673	0	0	0
Crown_Oz_L199.fasta-gb_NT.fasta	98	1245	122010	5837	4.784	842	0.676	727	0.584	0.511	0.489	35211	32435	24279	24182	0	0	30	36	0	0	0	0	0	0	0	3548	0	2289	0
Crown_Oz_L2.fasta-gb_NT.fasta	87	1197	104139	4905	4.71	698	0.583	607	0.507	0.534	0.466	28034	22259	23952	24844	0	0	65	80	0	0	0	0	0	0	0	4641	0	264	0
Crown_Oz_L20.fasta-gb_NT.fasta	97	987	95739	2796	2.92	728	0.738	584	0.592	0.564	0.436	28522	21770	18678	23927	0	0	17	29	0	0	0	0	0	0	0	1926	0	870	0
Crown_Oz_L200.fasta-gb_NT.fasta	74	1866	138084	5803	4.203	1007	0.54	792	0.424	0.536	0.464	40112	32632	28720	30716	0	0	46	55	0	0	0	0	0	0	0	4921	0	882	0
Crown_Oz_L201.fasta-gb_NT.fasta	68	1065	72420	469	0.648	558	0.524	490	0.46	0.533	0.467	21335	18198	15411	16949	0	0	27	31	0	0	0	0	0	0	0	469	0	0	0
Crown_Oz_L202.fasta-gb_NT.fasta	97	855	82935	428	0.516	429	0.502	372	0.435	0.48	0.52	23246	24529	18345	16330	0	0	23	34	0	0	0	0	0	0	0	428	0	0	0
Crown_Oz_L203.fasta-gb_NT.fasta	64	648	41472	1508	3.636	523	0.807	427	0.659	0.565	0.435	12752	9697	7661	9802	0	0	29	23	0	0	0	0	0	0	0	1172	0	336	0
Crown_Oz_L204.fasta-gb_NT.fasta	74	1527	112998	6296	5.572	1075	0.704	868	0.568	0.578	0.422	35378	24791	20245	26205	0	0	44	39	0	0	0	0	0	0	0	5618	0	678	0
Crown_Oz_L205.fasta-gb_NT.fasta	99	927	91773	2169	2.363	524	0.565	441	0.476	0.49	0.51	25062	25088	20595	18765	0	0	23	71	0	0	0	0	0	0	0	1872	0	297	0
Crown_Oz_L206.fasta-gb_NT.fasta	100	1521	152100	3335	2.193	896	0.589	773	0.508	0.53	0.47	40396	34681	35247	38277	0	0	80	84	0	0	0	0	0	0	0	3335	0	0	0
Crown_Oz_L207.fasta-gb_NT.fasta	74	1008	74592	2961	3.97	586	0.581	545	0.541	0.499	0.501	17781	18579	17263	17976	0	0	18	14	0	0	0	0	0	0	0	2961	0	0	0
Crown_Oz_L208.fasta-gb_NT.fasta	97	1308	126876	6629	5.225	833	0.637	716	0.547	0.539	0.461	36882	29086	26256	27919	0	0	41	63	0	0	0	0	0	0	0	4361	0	2268	0
Crown_Oz_L209.fasta-gb_NT.fasta	94	744	69936	2482	3.549	495	0.665	413	0.555	0.522	0.478	20946	15453	16739	14263	0	0	24	29	0	0	0	0	0	0	0	1381	0	1101	0
Crown_Oz_L21.fasta-gb_NT.fasta	62	1317	81654	5238	6.415	852	0.647	695	0.528	0.559	0.441	23462	16121	17450	19318	0	0	34	31	0	0	0	0	0	0	0	4881	0	357	0
Crown_Oz_L210.fasta-gb_NT.fasta	73	1152	84096	3081	3.664	654	0.568	550	0.477	0.535	0.465	20064	19198	18421	23221	0	0	41	70	0	0	0	0	0	0	0	2481	0	600	0
Crown_Oz_L211.fasta-gb_NT.fasta	68	1083	73644	3815	5.18	543	0.501	436	0.403	0.562	0.438	19052	16105	14460	20146	0	0	25	41	0	0	0	0	0	0	0	2411	0	1404	0
Crown_Oz_L212.fasta-gb_NT.fasta	73	1683	122859	3832	3.119	797	0.474	555	0.33	0.555	0.445	34831	27281	25654	31148	0	0	44	69	0	0	0	0	0	0	0	2554	0	1278	0
Crown_Oz_L213.fasta-gb_NT.fasta	98	1707	167286	2048	1.224	1101	0.645	899	0.527	0.588	0.412	54353	38152	29851	42834	0	0	22	26	0	0	0	0	0	0	0	1763	0	285	0
Crown_Oz_L214.fasta-gb_NT.fasta	99	1386	137214	8424	6.139	888	0.641	748	0.54	0.546	0.454	39145	32106	26334	31160	0	0	23	22	0	0	0	0	0	0	0	5733	0	2691	0
Crown_Oz_L215.fasta-gb_NT.fasta	101	1701	171801	4111	2.393	1099	0.646	881	0.518	0.558	0.442	55710	35758	38240	37917	0	0	27	38	0	0	0	0	0	0	0	3511	0	600	0
Crown_Oz_L216.fasta-gb_NT.fasta	67	1320	88440	5478	6.194	849	0.643	655	0.496	0.474	0.526	21016	26060	17545	18244	0	0	43	54	0	0	0	0	0	0	0	5427	0	51	0
Crown_Oz_L217.fasta-gb_NT.fasta	101	972	98172	2135	2.175	514	0.529	446	0.459	0.557	0.443	30749	21801	20684	22744	0	0	18	41	0	0	0	0	0	0	0	1889	0	246	0
Crown_Oz_L218.fasta-gb_NT.fasta	72	1359	97848	5059	5.17	795	0.585	682	0.502	0.543	0.457	30002	21681	20630	20362	0	0	56	58	0	0	0	0	0	0	0	4849	0	210	0
Crown_Oz_L219.fasta-gb_NT.fasta	70	933	65310	4167	6.38	542	0.581	397	0.426	0.463	0.537	10852	22819	9852	17536	0	0	18	66	0	0	0	0	0	0	0	4029	0	138	0
Crown_Oz_L22.fasta-gb_NT.fasta	90	765	68850	1734	2.519	457	0.597	381	0.498	0.443	0.557	16547	20054	17232	13239	0	0	19	25	0	0	0	0	0	0	0	1734	0	0	0
Crown_Oz_L220.fasta-gb_NT.fasta	88	1224	107712	3107	2.885	816	0.667	677	0.553	0.474	0.526	25953	32725	22263	23614	0	0	22	28	0	0	0	0	0	0	0	3107	0	0	0
Crown_Oz_L221.fasta-gb_NT.fasta	97	1542	149574	7806	5.219	811	0.526	705	0.457	0.563	0.437	43572	28713	33225	36163	0	0	61	34	0	0	0	0	0	0	0	6618	0	1188	0
Crown_Oz_L222.fasta-gb_NT.fasta	98	1206	118188	3874	3.278	732	0.607	647	0.536	0.57	0.43	37141	23960	25208	27938	0	0	30	37	0	0	0	0	0	0	0	3874	0	0	0
Crown_Oz_L223.fasta-gb_NT.fasta	95	1302	123690	3790	3.064	662	0.508	571	0.439	0.558	0.442	33396	26363	26555	33505	0	0	31	50	0	0	0	0	0	0	0	2947	0	843	0
Crown_Oz_L224.fasta-gb_NT.fasta	91	1416	128856	881	0.684	694	0.49	604	0.427	0.543	0.457	34737	27493	30992	34636	0	0	49	68	0	0	0	0	0	0	0	881	0	0	0
Crown_Oz_L225.fasta-gb_NT.fasta	69	1455	100395	1541	1.535	862	0.592	755	0.519	0.559	0.441	29908	20694	22883	25290	0	0	34	45	0	0	0	0	0	0	0	1541	0	0	0
Crown_Oz_L226.fasta-gb_NT.fasta	65	615	39975	663	1.659	307	0.499	256	0.416	0.575	0.425	10951	7198	9510	11614	0	0	16	23	0	0	0	0	0	0	0	471	0	192	0
Crown_Oz_L227.fasta-gb_NT.fasta	98	1383	135534	6741	4.974	946	0.684	807	0.584	0.598	0.402	42778	23068	28700	34099	0	0	74	74	0	0	0	0	0	0	0	6741	0	0	0
Crown_Oz_L228.fasta-gb_NT.fasta	100	1584	158400	4181	2.64	791	0.499	669	0.422	0.516	0.484	37840	41008	33528	41695	0	0	52	96	0	0	0	0	0	0	0	2882	0	1299	0
Crown_Oz_L229.fasta-gb_NT.fasta	99	1065	105435	4260	4.04	505	0.474	378	0.355	0.589	0.411	36773	18671	22854	22796	0	0	48	33	0	0	0	0	0	0	0	3663	0	597	0
Crown_Oz_L23.fasta-gb_NT.fasta	99	1482	146718	2980	2.031	782	0.528	683	0.461	0.579	0.421	46357	31193	29238	36883	0	0	37	30	0	0	0	0	0	0	0	2371	0	609	0
Crown_Oz_L230.fasta-gb_NT.fasta	101	1242	125442	2354	1.877	477	0.384	364	0.293	0.528	0.472	35902	31058	27049	29057	0	0	13	9	0	0	0	0	0	0	0	2054	0	300	0
Crown_Oz_L231.fasta-gb_NT.fasta	60	699	41940	1132	2.699	261	0.373	192	0.275	0.482	0.518	10747	13517	7586	8929	0	0	12	17	0	0	0	0	0	0	0	1132	0	0	0
Crown_Oz_L232.fasta-gb_NT.fasta	99	1122	111078	4328	3.896	647	0.577	553	0.493	0.533	0.467	28956	25751	24043	27892	0	0	36	72	0	0	0	0	0	0	0	3674	0	654	0
Crown_Oz_L233.fasta-gb_NT.fasta	96	573	55008	2547	4.63	370	0.646	328	0.572	0.601	0.399	18277	8574	12318	13271	0	0	17	4	0	0	0	0	0	0	0	2382	0	165	0
Crown_Oz_L234.fasta-gb_NT.fasta	101	1464	147864	2456	1.661	709	0.484	534	0.365	0.583	0.417	48103	31658	28970	36640	0	0	22	15	0	0	0	0	0	0	0	2450	0	6	0
Crown_Oz_L235.fasta-gb_NT.fasta	74	1653	122322	4830	3.949	794	0.48	575	0.348	0.55	0.45	34341	29054	23857	30161	0	0	42	37	0	0	0	0	0	0	0	4587	0	243	0
Crown_Oz_L236.fasta-gb_NT.fasta	72	1635	117720	2515	2.136	913	0.558	718	0.439	0.623	0.377	42648	17827	25500	29079	0	0	75	76	0	0	0	0	0	0	0	2515	0	0	0
Crown_Oz_L237.fasta-gb_NT.fasta	72	1689	121608	7199	5.92	990	0.586	744	0.44	0.588	0.412	27619	23542	23612	39571	0	0	34	31	0	0	0	0	0	0	0	5624	0	1575	0
Crown_Oz_L238.fasta-gb_NT.fasta	74	1602	118548	3406	2.873	771	0.481	570	0.356	0.576	0.424	38143	22110	26645	28197	0	0	23	24	0	0	0	0	0	0	0	2734	0	672	0
Crown_Oz_L239.fasta-gb_NT.fasta	94	588	55272	1206	2.182	323	0.549	274	0.466	0.59	0.41	17957	10095	12079	13918	0	0	7	10	0	0	0	0	0	0	0	660	0	546	0
Crown_Oz_L24.fasta-gb_NT.fasta	100	1995	199500	1995	1.0	1061	0.532	941	0.472	0.536	0.464	53760	47409	44228	51886	0	0	96	126	0	0	0	0	0	0	0	1995	0	0	0
Crown_Oz_L240.fasta-gb_NT.fasta	69	819	56511	2986	5.284	551	0.673	464	0.567	0.625	0.375	14988	11394	8655	18451	0	0	13	24	0	0	0	0	0	0	0	2104	0	882	0
Crown_Oz_L241.fasta-gb_NT.fasta	97	591	57327	867	1.512	350	0.592	300	0.508	0.535	0.465	16967	13257	12971	13247	0	0	8	10	0	0	0	0	0	0	0	867	0	0	0
Crown_Oz_L242.fasta-gb_NT.fasta	71	1341	95211	1480	1.554	841	0.627	692	0.516	0.591	0.409	32016	16823	21491	23326	0	0	43	32	0	0	0	0	0	0	0	1393	0	87	0
Crown_Oz_L243.fasta-gb_NT.fasta	72	1122	80784	4898	6.063	771	0.687	607	0.541	0.612	0.388	26324	13016	16384	20106	0	0	26	30	0	0	0	0	0	0	0	3593	0	1305	0
Crown_Oz_L244.fasta-gb_NT.fasta	97	1206	116982	3454	2.953	570	0.473	483	0.4	0.545	0.455	35893	26269	25315	25975	0	0	33	43	0	0	0	0	0	0	0	2878	0	576	0
Crown_Oz_L245.fasta-gb_NT.fasta	90	522	46980	1457	3.101	272	0.521	230	0.441	0.55	0.45	14616	9541	10909	10434	0	0	13	10	0	0	0	0	0	0	0	656	0	801	0
Crown_Oz_L246.fasta-gb_NT.fasta	71	663	47073	1774	3.769	310	0.468	237	0.357	0.506	0.494	12774	10757	11598	10141	0	0	10	19	0	0	0	0	0	0	0	1561	0	213	0
Crown_Oz_L247.fasta-gb_NT.fasta	71	1059	75189	4626	6.152	478	0.451	374	0.353	0.621	0.379	23594	12080	14640	20221	0	0	9	19	0	0	0	0	0	0	0	4626	0	0	0
Crown_Oz_L248.fasta-gb_NT.fasta	74	1461	108114	686	0.635	701	0.48	554	0.379	0.553	0.447	30923	27853	20115	28493	0	0	19	25	0	0	0	0	0	0	0	683	0	3	0
Crown_Oz_L249.fasta-gb_NT.fasta	72	1536	110592	2015	1.822	782	0.509	683	0.445	0.524	0.476	36238	24498	27124	20635	0	0	32	50	0	0	0	0	0	0	0	2015	0	0	0
Crown_Oz_L25.fasta-gb_NT.fasta	99	1782	176418	1412	0.8	961	0.539	807	0.453	0.594	0.406	54084	34732	36385	49705	0	0	37	63	0	0	0	0	0	0	0	1412	0	0	0
Crown_Oz_L250.fasta-gb_NT.fasta	76	1161	88236	4728	5.358	721	0.621	585	0.504	0.492	0.508	21328	26500	15894	19703	0	0	24	59	0	0	0	0	0	0	0	3378	0	1350	0
Crown_Oz_L251.fasta-gb_NT.fasta	49	1611	78939	1441	1.825	575	0.357	392	0.243	0.466	0.534	21311	22557	18817	14780	0	0	14	19	0	0	0	0	0	0	0	1291	0	150	0
Crown_Oz_L252.fasta-gb_NT.fasta	38	1005	38190	1308	3.425	579	0.576	462	0.46	0.418	0.582	8785	11734	9718	6629	0	0	8	8	0	0	0	0	0	0	0	1308	0	0	0
Crown_Oz_L253.fasta-gb_NT.fasta	47	1011	47517	2745	5.777	602	0.595	383	0.379	0.631	0.369	15895	8111	8408	12328	0	0	17	13	0	0	0	0	0	0	0	2316	0	429	0
Crown_Oz_L254.fasta-gb_NT.fasta	75	1407	105525	1867	1.769	700	0.498	585	0.416	0.599	0.401	35927	20496	21007	26167	0	0	32	29	0	0	0	0	0	0	0	973	0	894	0
Crown_Oz_L255.fasta-gb_NT.fasta	72	903	65016	290	0.446	525	0.581	447	0.495	0.596	0.404	19830	13158	12951	18728	0	0	28	31	0	0	0	0	0	0	0	290	0	0	0
Crown_Oz_L256.fasta-gb_NT.fasta	75	1377	103275	4462	4.321	769	0.558	661	0.48	0.569	0.431	30400	22261	20315	25778	0	0	25	34	0	0	0	0	0	0	0	4444	0	18	0
Crown_Oz_L257.fasta-gb_NT.fasta	44	1011	44484	879	1.976	621	0.614	462	0.457	0.648	0.352	13794	7906	7435	14432	0	0	18	20	0	0	0	0	0	0	0	879	0	0	0
Crown_Oz_L258.fasta-gb_NT.fasta	50	1323	66150	3173	4.797	849	0.642	572	0.432	0.48	0.52	17865	15607	17056	12381	0	0	34	34	0	0	0	0	0	0	0	2756	0	417	0
Crown_Oz_L259.fasta-gb_NT.fasta	76	834	63384	506	0.798	352	0.422	293	0.351	0.555	0.445	18049	13090	14871	16846	0	0	9	13	0	0	0	0	0	0	0	482	0	24	0
Crown_Oz_L26.fasta-gb_NT.fasta	99	1629	161271	6845	4.244	1123	0.689	927	0.569	0.579	0.421	44086	33909	31134	45232	0	0	31	34	0	0	0	0	0	0	0	5660	0	1185	0
Crown_Oz_L260.fasta-gb_NT.fasta	75	1590	119250	7942	6.66	1109	0.697	883	0.555	0.54	0.46	32303	28666	22662	27592	0	0	33	52	0	0	0	0	0	0	0	7465	0	477	0
Crown_Oz_L261.fasta-gb_NT.fasta	44	924	40656	1357	3.338	525	0.568	345	0.373	0.62	0.38	13504	6797	8126	10808	0	0	37	27	0	0	0	0	0	0	0	1225	0	132	0
Crown_Oz_L262.fasta-gb_NT.fasta	47	1695	79665	3205	4.023	884	0.522	543	0.32	0.611	0.389	21092	16728	13001	25585	0	0	26	28	0	0	0	0	0	0	0	2794	0	411	0
Crown_Oz_L263.fasta-gb_NT.fasta	74	972	71928	4229	5.879	592	0.609	502	0.516	0.625	0.375	24758	12257	13089	17551	0	0	20	24	0	0	0	0	0	0	0	4229	0	0	0
Crown_Oz_L264.fasta-gb_NT.fasta	75	1557	116775	8091	6.929	981	0.63	773	0.496	0.595	0.405	36296	23045	20961	28352	0	0	12	18	0	0	0	0	0	0	0	4071	0	4020	0
Crown_Oz_L265.fasta-gb_NT.fasta	44	1170	51480	3015	5.857	551	0.471	350	0.299	0.555	0.445	15878	11238	10317	11021	0	0	7	4	0	0	0	0	0	0	0	2985	0	30	0
Crown_Oz_L266.fasta-gb_NT.fasta	74	753	55722	1255	2.252	400	0.531	332	0.441	0.53	0.47	16036	11820	13749	12848	0	0	5	9	0	0	0	0	0	0	0	1252	0	3	0
Crown_Oz_L267.fasta-gb_NT.fasta	42	381	16002	1080	6.749	162	0.425	122	0.32	0.549	0.451	4062	3828	2902	4121	0	0	1	8	0	0	0	0	0	0	0	1080	0	0	0
Crown_Oz_L268.fasta-gb_NT.fasta	44	1251	55044	587	1.066	753	0.602	520	0.416	0.592	0.408	16671	10797	11364	15549	0	0	37	39	0	0	0	0	0	0	0	587	0	0	0
Crown_Oz_L269.fasta-gb_NT.fasta	68	681	46308	2571	5.552	335	0.492	271	0.398	0.619	0.381	13834	8375	8292	13215	0	0	8	13	0	0	0	0	0	0	0	2544	0	27	0
Crown_Oz_L27.fasta-gb_NT.fasta	71	1047	74337	2736	3.681	765	0.731	626	0.598	0.597	0.403	24369	14502	14314	18329	0	0	37	50	0	0	0	0	0	0	0	2529	0	207	0
Crown_Oz_L270.fasta-gb_NT.fasta	45	1008	45360	1168	2.575	455	0.451	343	0.34	0.377	0.623	10306	13208	14277	6350	0	0	25	26	0	0	0	0	0	0	0	1168	0	0	0
Crown_Oz_L271.fasta-gb_NT.fasta	75	1677	125775	3195	2.54	804	0.479	705	0.42	0.502	0.498	31170	28165	32938	30204	0	0	37	66	0	0	0	0	0	0	0	2748	0	447	0
Crown_Oz_L272.fasta-gb_NT.fasta	41	1611	66051	390	0.59	654	0.406	502	0.312	0.53	0.47	17998	16223	14610	16771	0	0	22	37	0	0	0	0	0	0	0	381	0	9	0
Crown_Oz_L273.fasta-gb_NT.fasta	76	1587	120612	1200	0.995	774	0.488	690	0.435	0.542	0.458	32586	25804	28888	32066	0	0	29	39	0	0	0	0	0	0	0	1200	0	0	0
Crown_Oz_L274.fasta-gb_NT.fasta	74	1695	125430	3311	2.64	1080	0.637	894	0.527	0.569	0.431	39439	24763	27802	30050	0	0	32	33	0	0	0	0	0	0	0	3311	0	0	0
Crown_Oz_L275.fasta-gb_NT.fasta	75	1377	103275	1589	1.539	847	0.615	670	0.487	0.585	0.415	33896	20726	21478	25548	0	0	18	20	0	0	0	0	0	0	0	1145	0	444	0
Crown_Oz_L276.fasta-gb_NT.fasta	75	1314	98550	2989	3.033	761	0.579	611	0.465	0.575	0.425	31997	20497	20057	22969	0	0	19	22	0	0	0	0	0	0	0	2764	0	225	0
Crown_Oz_L277.fasta-gb_NT.fasta	50	1776	88800	2161	2.434	814	0.458	615	0.346	0.603	0.397	28736	17889	16488	23459	0	0	29	38	0	0	0	0	0	0	0	2161	0	0	0
Crown_Oz_L278.fasta-gb_NT.fasta	67	1452	97284	2435	2.503	719	0.495	590	0.406	0.478	0.522	26212	25002	24528	19050	0	0	20	37	0	0	0	0	0	0	0	2435	0	0	0
Crown_Oz_L279.fasta-gb_NT.fasta	74	708	52392	1362	2.6	404	0.571	354	0.5	0.497	0.503	15003	11759	13874	10338	0	0	30	26	0	0	0	0	0	0	0	1143	0	219	0
Crown_Oz_L28.fasta-gb_NT.fasta	70	1008	70560	2268	3.214	705	0.699	577	0.572	0.586	0.414	24270	14614	13622	15726	0	0	33	27	0	0	0	0	0	0	0	2061	0	207	0
Crown_Oz_L280.fasta-gb_NT.fasta	48	1383	66384	3163	4.765	924	0.668	661	0.478	0.562	0.438	19669	14868	12814	15787	0	0	38	45	0	0	0	0	0	0	0	2677	0	486	0
Crown_Oz_L281.fasta-gb_NT.fasta	35	855	29925	946	3.161	158	0.185	109	0.127	0.566	0.434	8556	6330	6255	7830	0	0	3	5	0	0	0	0	0	0	0	946	0	0	0
Crown_Oz_L282.fasta-gb_NT.fasta	43	1521	65403	1654	2.529	507	0.333	347	0.228	0.435	0.565	13768	18687	17316	13925	0	0	19	34	0	0	0	0	0	0	0	1273	0	381	0
Crown_Oz_L283.fasta-gb_NT.fasta	73	690	50370	2280	4.527	352	0.51	276	0.4	0.541	0.459	14173	11820	10219	11834	0	0	7	37	0	0	0	0	0	0	0	1632	0	648	0
Crown_Oz_L284.fasta-gb_NT.fasta	74	1761	130314	5481	4.206	977	0.555	826	0.469	0.523	0.477	38462	30700	28773	26830	0	0	36	32	0	0	0	0	0	0	0	3795	0	1686	0
Crown_Oz_L285.fasta-gb_NT.fasta	75	1578	118350	1913	1.616	732	0.464	654	0.414	0.548	0.452	34528	26398	26255	29165	0	0	28	63	0	0	0	0	0	0	0	1469	0	444	0
Crown_Oz_L286.fasta-gb_NT.fasta	41	1584	64944	2718	4.185	564	0.356	370	0.234	0.62	0.38	19680	11095	12551	18881	0	0	10	9	0	0	0	0	0	0	0	2115	0	603	0
Crown_Oz_L287.fasta-gb_NT.fasta	74	1101	81474	2184	2.681	628	0.57	550	0.5	0.542	0.458	24002	17388	18909	18909	0	0	34	48	0	0	0	0	0	0	0	2184	0	0	0
Crown_Oz_L288.fasta-gb_NT.fasta	76	1653	125628	4761	3.79	852	0.515	736	0.445	0.582	0.418	35935	24320	26172	34321	0	0	41	78	0	0	0	0	0	0	0	4761	0	0	0
Crown_Oz_L289.fasta-gb_NT.fasta	43	711	30573	885	2.895	312	0.439	171	0.241	0.6	0.4	9170	5900	5978	8624	0	0	10	6	0	0	0	0	0	0	0	756	0	129	0
Crown_Oz_L29.fasta-gb_NT.fasta	92	1605	147660	5404	3.66	927	0.578	755	0.47	0.566	0.434	43403	31316	30354	37096	0	0	47	40	0	0	0	0	0	0	0	4840	0	564	0
Crown_Oz_L290.fasta-gb_NT.fasta	74	1602	118548	1912	1.613	1004	0.627	854	0.533	0.544	0.456	35928	26750	26346	27554	0	0	32	26	0	0	0	0	0	0	0	1912	0	0	0
Crown_Oz_L291.fasta-gb_NT.fasta	35	1050	36750	624	1.698	288	0.274	228	0.217	0.508	0.492	9667	8593	9169	8675	0	0	11	11	0	0	0	0	0	0	0	624	0	0	0
Crown_Oz_L292.fasta-gb_NT.fasta	73	972	70956	2340	3.298	647	0.666	527	0.542	0.524	0.476	19472	18174	14500	16412	0	0	27	31	0	0	0	0	0	0	0	2334	0	6	0
Crown_Oz_L293.fasta-gb_NT.fasta	38	951	36138	1485	4.109	334	0.351	260	0.273	0.536	0.464	9915	7614	8437	8655	0	0	21	11	0	0	0	0	0	0	0	1365	0	120	0
Crown_Oz_L294.fasta-gb_NT.fasta	72	1122	80784	3023	3.742	691	0.616	564	0.503	0.599	0.401	26274	13978	17191	20270	0	0	30	18	0	0	0	0	0	0	0	3008	0	15	0
Crown_Oz_L295.fasta-gb_NT.fasta	37	804	29748	873	2.935	294	0.366	173	0.215	0.614	0.386	9417	5312	5826	8293	0	0	16	11	0	0	0	0	0	0	0	762	0	111	0
Crown_Oz_L296.fasta-gb_NT.fasta	42	567	23814	491	2.062	277	0.489	182	0.321	0.594	0.406	8290	4728	4721	5553	0	0	23	8	0	0	0	0	0	0	0	488	0	3	0
Crown_Oz_L297.fasta-gb_NT.fasta	75	990	74250	1455	1.96	538	0.543	404	0.408	0.51	0.49	15734	19819	15825	21360	0	0	24	33	0	0	0	0	0	0	0	1455	0	0	0
Crown_Oz_L298.fasta-gb_NT.fasta	66	1272	83952	4594	5.472	784	0.616	638	0.502	0.569	0.431	25881	16110	18087	19243	0	0	16	21	0	0	0	0	0	0	0	4567	0	27	0
Crown_Oz_L299.fasta-gb_NT.fasta	76	1164	88464	1327	1.5	465	0.399	378	0.325	0.544	0.456	23076	19473	20237	24329	0	0	6	16	0	0	0	0	0	0	0	853	0	474	0
Crown_Oz_L3.fasta-gb_NT.fasta	97	1176	114072	3184	2.791	619	0.526	527	0.448	0.541	0.459	35498	24123	26715	24520	0	0	15	17	0	0	0	0	0	0	0	3184	0	0	0
Crown_Oz_L30.fasta-gb_NT.fasta	97	915	88755	4124	4.646	490	0.536	415	0.454	0.421	0.579	21681	28608	20352	13917	0	0	28	45	0	0	0	0	0	0	0	2087	0	2037	0
Crown_Oz_L300.fasta-gb_NT.fasta	73	837	61101	471	0.771	503	0.601	418	0.499	0.54	0.46	18839	17394	10507	13864	0	0	16	10	0	0	0	0	0	0	0	471	0	0	0
Crown_Oz_L301.fasta-gb_NT.fasta	46	1047	48162	3701	7.684	439	0.419	322	0.308	0.498	0.502	10249	11878	10420	11857	0	0	11	46	0	0	0	0	0	0	0	3305	0	396	0
Crown_Oz_L302.fasta-gb_NT.fasta	45	1236	55620	2113	3.799	557	0.451	424	0.343	0.502	0.498	12229	12727	13863	14596	0	0	43	49	0	0	0	0	0	0	0	1714	0	399	0
Crown_Oz_L303.fasta-gb_NT.fasta	72	1833	131976	2001	1.516	1130	0.616	945	0.516	0.571	0.429	36801	27988	27696	37379	0	0	60	51	0	0	0	0	0	0	0	2001	0	0	0
Crown_Oz_L304.fasta-gb_NT.fasta	76	1548	117648	2079	1.767	765	0.494	637	0.411	0.549	0.451	35567	25993	26069	27884	0	0	27	29	0	0	0	0	0	0	0	1188	0	891	0
Crown_Oz_L305.fasta-gb_NT.fasta	76	1695	128820	1779	1.381	919	0.542	766	0.452	0.504	0.496	36180	37042	26008	27737	0	0	29	45	0	0	0	0	0	0	0	1779	0	0	0
Crown_Oz_L306.fasta-gb_NT.fasta	29	780	22620	766	3.386	309	0.396	250	0.321	0.422	0.578	3955	5265	7359	5263	0	0	9	3	0	0	0	0	0	0	0	766	0	0	0
Crown_Oz_L307.fasta-gb_NT.fasta	66	1536	101376	7084	6.988	982	0.639	853	0.555	0.482	0.518	26573	27297	21523	18813	0	0	40	46	0	0	0	0	0	0	0	5308	0	1776	0
Crown_Oz_L308.fasta-gb_NT.fasta	74	1539	113886	4644	4.078	912	0.593	755	0.491	0.584	0.416	31092	24395	20992	32730	0	0	16	17	0	0	0	0	0	0	0	2217	0	2427	0
Crown_Oz_L309.fasta-gb_NT.fasta	50	1980	99000	5328	5.382	1144	0.578	782	0.395	0.61	0.39	29470	16404	20058	27634	0	0	50	56	0	0	0	0	0	0	0	2844	0	2484	0
Crown_Oz_L31.fasta-gb_NT.fasta	74	1251	92574	683	0.738	595	0.476	494	0.395	0.51	0.49	21431	23182	21773	25441	0	0	20	44	0	0	0	0	0	0	0	683	0	0	0
Crown_Oz_L310.fasta-gb_NT.fasta	45	573	25785	758	2.94	231	0.403	175	0.305	0.409	0.591	6553	6001	8762	3659	0	0	26	26	0	0	0	0	0	0	0	758	0	0	0
Crown_Oz_L311.fasta-gb_NT.fasta	75	1074	80550	363	0.451	576	0.536	469	0.437	0.575	0.425	19113	18554	15524	26959	0	0	7	30	0	0	0	0	0	0	0	363	0	0	0
Crown_Oz_L312.fasta-gb_NT.fasta	72	1656	119232	4009	3.362	741	0.447	661	0.399	0.553	0.447	30161	25638	25877	33468	0	0	35	44	0	0	0	0	0	0	0	4009	0	0	0
Crown_Oz_L313.fasta-gb_NT.fasta	74	1419	105006	676	0.644	721	0.508	650	0.458	0.608	0.392	31063	18870	21967	32368	0	0	25	37	0	0	0	0	0	0	0	676	0	0	0
Crown_Oz_L314.fasta-gb_NT.fasta	46	1578	72588	6240	8.596	956	0.606	686	0.435	0.604	0.396	17827	12533	13739	22186	0	0	36	27	0	0	0	0	0	0	0	4020	0	2220	0
Crown_Oz_L315.fasta-gb_NT.fasta	68	1392	94656	250	0.264	665	0.478	512	0.368	0.571	0.429	28561	19398	21095	25315	0	0	23	14	0	0	0	0	0	0	0	250	0	0	0
Crown_Oz_L316.fasta-gb_NT.fasta	76	1512	114912	2136	1.859	776	0.513	614	0.406	0.523	0.477	28730	27899	25840	30247	0	0	22	38	0	0	0	0	0	0	0	2136	0	0	0
Crown_Oz_L317.fasta-gb_NT.fasta	40	666	26640	932	3.498	321	0.482	236	0.354	0.589	0.411	6779	5129	5425	8352	0	0	11	12	0	0	0	0	0	0	0	932	0	0	0
Crown_Oz_L318.fasta-gb_NT.fasta	50	1812	90600	3217	3.551	774	0.427	505	0.279	0.592	0.408	29892	15764	19824	21863	0	0	18	22	0	0	0	0	0	0	0	3067	0	150	0
Crown_Oz_L319.fasta-gb_NT.fasta	44	1677	73788	5087	6.894	1001	0.597	437	0.261	0.586	0.414	22967	13388	15074	17247	0	0	13	12	0	0	0	0	0	0	0	4136	0	951	0
Crown_Oz_L32.fasta-gb_NT.fasta	95	1053	100035	6383	6.381	782	0.743	655	0.622	0.593	0.407	28715	18362	19727	26793	0	0	36	19	0	0	0	0	0	0	0	4934	0	1449	0
Crown_Oz_L320.fasta-gb_NT.fasta	41	1338	54858	5474	9.978	630	0.471	414	0.309	0.635	0.365	16020	8434	9590	15290	0	0	25	25	0	0	0	0	0	0	0	3698	0	1776	0
Crown_Oz_L321.fasta-gb_NT.fasta	76	1248	94848	301	0.317	668	0.535	569	0.456	0.525	0.475	29971	24308	20577	19649	0	0	21	21	0	0	0	0	0	0	0	301	0	0	0
Crown_Oz_L322.fasta-gb_NT.fasta	48	1038	49824	1947	3.908	630	0.607	486	0.468	0.611	0.389	13217	9660	8941	16003	0	0	27	29	0	0	0	0	0	0	0	1935	0	12	0
Crown_Oz_L323.fasta-gb_NT.fasta	46	1095	50370	526	1.044	659	0.602	561	0.512	0.455	0.545	12502	15037	12117	10141	0	0	13	34	0	0	0	0	0	0	0	526	0	0	0
Crown_Oz_L324.fasta-gb_NT.fasta	40	273	10920	453	4.148	81	0.297	42	0.154	0.657	0.343	3690	1883	1711	3181	0	0	0	2	0	0	0	0	0	0	0	453	0	0	0
Crown_Oz_L325.fasta-gb_NT.fasta	35	774	27090	734	2.709	255	0.329	170	0.22	0.46	0.54	6865	7540	6664	5269	0	0	6	12	0	0	0	0	0	0	0	731	0	3	0
Crown_Oz_L326.fasta-gb_NT.fasta	51	498	25398	769	3.028	210	0.422	148	0.297	0.647	0.353	8041	4325	4361	7887	0	0	9	6	0	0	0	0	0	0	0	769	0	0	0
Crown_Oz_L327.fasta-gb_NT.fasta	48	1257	60336	6989	11.583	911	0.725	621	0.494	0.593	0.407	15176	12119	9544	16438	0	0	28	42	0	0	0	0	0	0	0	5816	0	1173	0
Crown_Oz_L328.fasta-gb_NT.fasta	53	1626	86178	1435	1.665	1054	0.648	826	0.508	0.596	0.404	29164	16770	17443	21277	0	0	42	47	0	0	0	0	0	0	0	1435	0	0	0
Crown_Oz_L329.fasta-gb_NT.fasta	70	1155	80850	975	1.206	602	0.521	463	0.401	0.562	0.438	23546	16475	18514	21328	0	0	8	4	0	0	0	0	0	0	0	843	0	132	0
Crown_Oz_L33.fasta-gb_NT.fasta	100	1446	144600	1592	1.101	842	0.582	714	0.494	0.562	0.438	47250	32643	30004	33058	0	0	31	22	0	0	0	0	0	0	0	1592	0	0	0
Crown_Oz_L330.fasta-gb_NT.fasta	49	927	45423	1822	4.011	531	0.573	429	0.463	0.544	0.456	11350	10052	9776	12375	0	0	22	26	0	0	0	0	0	0	0	1252	0	570	0
Crown_Oz_L331.fasta-gb_NT.fasta	53	1536	81408	1023	1.257	791	0.515	645	0.42	0.548	0.452	22331	15877	20426	21669	0	0	44	38	0	0	0	0	0	0	0	1023	0	0	0
Crown_Oz_L332.fasta-gb_NT.fasta	54	1449	78246	1462	1.868	854	0.589	671	0.463	0.529	0.471	19847	18014	18065	20726	0	0	57	75	0	0	0	0	0	0	0	1462	0	0	0
Crown_Oz_L333.fasta-gb_NT.fasta	41	1062	43542	1327	3.048	435	0.41	312	0.294	0.605	0.395	15976	7951	8724	9539	0	0	18	7	0	0	0	0	0	0	0	1078	0	249	0
Crown_Oz_L334.fasta-gb_NT.fasta	50	1215	60750	627	1.032	488	0.402	363	0.299	0.54	0.46	13338	14821	12817	19065	0	0	28	54	0	0	0	0	0	0	0	627	0	0	0
Crown_Oz_L335.fasta-gb_NT.fasta	52	1527	79404	3983	5.016	823	0.539	627	0.411	0.587	0.413	30125	11537	19550	14148	0	0	39	22	0	0	0	0	0	0	0	2297	0	1686	0
Crown_Oz_L336.fasta-gb_NT.fasta	45	1266	56970	11628	20.411	666	0.526	418	0.33	0.509	0.491	13682	8264	13871	9470	0	0	30	25	0	0	0	0	0	0	0	11580	0	48	0
Crown_Oz_L337.fasta-gb_NT.fasta	44	708	31152	1643	5.274	352	0.497	274	0.387	0.602	0.398	8340	5427	6306	9406	0	0	13	17	0	0	0	0	0	0	0	1643	0	0	0
Crown_Oz_L338.fasta-gb_NT.fasta	43	564	24252	3493	14.403	337	0.598	235	0.417	0.619	0.381	6521	3594	4298	6344	0	0	1	1	0	0	0	0	0	0	0	3115	0	378	0
Crown_Oz_L339.fasta-gb_NT.fasta	45	1143	51435	775	1.507	551	0.482	442	0.387	0.549	0.451	11827	12823	9977	15974	0	0	22	37	0	0	0	0	0	0	0	775	0	0	0
Crown_Oz_L34.fasta-gb_NT.fasta	101	1179	119079	1961	1.647	537	0.455	416	0.353	0.568	0.432	37007	27650	22943	29485	0	0	16	17	0	0	0	0	0	0	0	1661	0	300	0
Crown_Oz_L340.fasta-gb_NT.fasta	40	798	31920	2082	6.523	436	0.546	299	0.375	0.607	0.393	9942	5374	6332	8164	0	0	12	14	0	0	0	0	0	0	0	2079	0	3	0
Crown_Oz_L341.fasta-gb_NT.fasta	44	1380	60720	3026	4.984	840	0.609	586	0.425	0.585	0.415	18609	12926	11000	15135	0	0	9	15	0	0	0	0	0	0	0	2897	0	129	0
Crown_Oz_L342.fasta-gb_NT.fasta	38	1311	49818	5361	10.761	711	0.542	480	0.366	0.577	0.423	14943	10408	8331	10716	0	0	31	28	0	0	0	0	0	0	0	4878	0	483	0
Crown_Oz_L343.fasta-gb_NT.fasta	45	1695	76275	1797	2.356	756	0.446	585	0.345	0.581	0.419	22724	15011	16226	20489	0	0	15	13	0	0	0	0	0	0	0	1797	0	0	0
Crown_Oz_L344.fasta-gb_NT.fasta	45	1314	59130	236	0.399	553	0.421	448	0.341	0.561	0.439	18475	12736	13101	14563	0	0	9	10	0	0	0	0	0	0	0	236	0	0	0
Crown_Oz_L345.fasta-gb_NT.fasta	28	1626	45528	1746	3.835	689	0.424	295	0.181	0.577	0.423	11948	7336	11151	13321	0	0	17	9	0	0	0	0	0	0	0	1743	0	3	0
Crown_Oz_L346.fasta-gb_NT.fasta	14	363	5082	169	3.325	69	0.19	26	0.072	0.588	0.412	1509	747	1272	1376	0	0	5	4	0	0	0	0	0	0	0	169	0	0	0
Crown_Oz_L347.fasta-gb_NT.fasta	19	1089	20691	537	2.595	301	0.276	104	0.096	0.602	0.398	5571	3260	4731	6531	0	0	37	24	0	0	0	0	0	0	0	537	0	0	0
Crown_Oz_L348.fasta-gb_NT.fasta	27	1368	36936	427	1.156	473	0.346	258	0.189	0.537	0.463	11619	8923	7964	7979	0	0	13	11	0	0	0	0	0	0	0	427	0	0	0
Crown_Oz_L349.fasta-gb_NT.fasta	28	1065	29820	1405	4.712	447	0.42	233	0.219	0.497	0.503	6527	7617	6653	7601	0	0	8	9	0	0	0	0	0	0	0	1405	0	0	0
Crown_Oz_L35.fasta-gb_NT.fasta	99	1674	165726	1582	0.955	994	0.594	870	0.52	0.573	0.427	47544	35046	34992	46471	0	0	50	41	0	0	0	0	0	0	0	1582	0	0	0
Crown_Oz_L350.fasta-gb_NT.fasta	21	1266	26586	614	2.309	197	0.156	120	0.095	0.418	0.582	5574	7319	7763	5279	0	0	17	20	0	0	0	0	0	0	0	614	0	0	0
Crown_Oz_L351.fasta-gb_NT.fasta	21	864	18144	475	2.618	165	0.191	64	0.074	0.558	0.442	5073	3460	4354	4768	0	0	7	7	0	0	0	0	0	0	0	475	0	0	0
Crown_Oz_L352.fasta-gb_NT.fasta	25	1494	37350	700	1.874	351	0.235	208	0.139	0.498	0.502	9874	8877	9491	8370	0	0	15	23	0	0	0	0	0	0	0	700	0	0	0
Crown_Oz_L353.fasta-gb_NT.fasta	21	492	10332	79	0.765	117	0.238	61	0.124	0.56	0.44	2945	2024	2480	2798	0	0	3	3	0	0	0	0	0	0	0	79	0	0	0
Crown_Oz_L354.fasta-gb_NT.fasta	27	1023	27621	792	2.867	470	0.459	224	0.219	0.58	0.42	8857	5647	5591	6684	0	0	35	15	0	0	0	0	0	0	0	792	0	0	0
Crown_Oz_L355.fasta-gb_NT.fasta	28	1050	29400	969	3.296	410	0.39	221	0.21	0.544	0.456	7328	5894	7049	8138	0	0	11	11	0	0	0	0	0	0	0	921	0	48	0
Crown_Oz_L356.fasta-gb_NT.fasta	29	1266	36714	823	2.242	294	0.232	139	0.11	0.551	0.449	8596	8122	7991	11159	0	0	16	7	0	0	0	0	0	0	0	820	0	3	0
Crown_Oz_L357.fasta-gb_NT.fasta	16	1485	23760	515	2.168	181	0.122	61	0.041	0.568	0.432	8093	5566	4458	5115	0	0	7	6	0	0	0	0	0	0	0	515	0	0	0
Crown_Oz_L358.fasta-gb_NT.fasta	18	1212	21816	887	4.066	421	0.347	207	0.171	0.489	0.511	4936	5188	5499	5281	0	0	12	13	0	0	0	0	0	0	0	797	0	90	0
Crown_Oz_L359.fasta-gb_NT.fasta	27	900	24300	545	2.243	233	0.259	113	0.126	0.529	0.471	5577	5839	5346	6970	0	0	7	16	0	0	0	0	0	0	0	542	0	3	0
Crown_Oz_L36.fasta-gb_NT.fasta	98	873	85554	910	1.064	505	0.578	437	0.501	0.516	0.484	22136	21262	19668	21555	0	0	11	12	0	0	0	0	0	0	0	910	0	0	0
Crown_Oz_L360.fasta-gb_NT.fasta	21	801	16821	441	2.622	215	0.268	111	0.139	0.481	0.519	4661	3604	4870	3209	0	0	20	16	0	0	0	0	0	0	0	441	0	0	0
Crown_Oz_L361.fasta-gb_NT.fasta	18	501	9018	641	7.108	100	0.2	46	0.092	0.603	0.397	2250	1686	1641	2789	0	0	4	7	0	0	0	0	0	0	0	638	0	3	0
Crown_Oz_L362.fasta-gb_NT.fasta	26	2064	53664	2129	3.967	739	0.358	305	0.148	0.631	0.369	16055	10242	8776	16404	0	0	29	29	0	0	0	0	0	0	0	1892	0	237	0
Crown_Oz_L363.fasta-gb_NT.fasta	25	1284	32100	1171	3.648	572	0.445	229	0.178	0.638	0.362	8206	5925	5253	11500	0	0	20	25	0	0	0	0	0	0	0	1171	0	0	0
Crown_Oz_L364.fasta-gb_NT.fasta	44	855	37620	2740	7.283	555	0.649	419	0.49	0.559	0.441	11631	7747	7627	7848	0	0	15	12	0	0	0	0	0	0	0	2476	0	264	0
Crown_Oz_L365.fasta-gb_NT.fasta	44	1050	46200	3215	6.959	727	0.692	531	0.506	0.612	0.388	14302	7797	8854	11968	0	0	39	25	0	0	0	0	0	0	0	2726	0	489	0
Crown_Oz_L366.fasta-gb_NT.fasta	34	801	27234	211	0.775	363	0.453	279	0.348	0.597	0.403	7473	5568	5299	8652	0	0	12	19	0	0	0	0	0	0	0	211	0	0	0
Crown_Oz_L367.fasta-gb_NT.fasta	51	1356	69156	2346	3.392	835	0.616	633	0.467	0.59	0.41	21509	14411	12970	17902	0	0	12	6	0	0	0	0	0	0	0	1509	0	837	0
Crown_Oz_L368.fasta-gb_NT.fasta	45	1554	69930	2361	3.376	1084	0.698	843	0.542	0.419	0.581	11908	20181	18964	16379	0	0	61	76	0	0	0	0	0	0	0	1962	0	399	0
Crown_Oz_L369.fasta-gb_NT.fasta	36	597	21492	532	2.475	198	0.332	152	0.255	0.51	0.49	4746	4740	5523	5938	0	0	7	6	0	0	0	0	0	0	0	532	0	0	0
Crown_Oz_L37.fasta-gb_NT.fasta	64	789	50496	923	1.828	411	0.521	335	0.425	0.454	0.546	10868	14821	12224	11600	0	0	19	41	0	0	0	0	0	0	0	923	0	0	0
Crown_Oz_L370.fasta-gb_NT.fasta	33	687	22671	444	1.958	205	0.298	161	0.234	0.468	0.532	5846	5874	5939	4547	0	0	16	5	0	0	0	0	0	0	0	444	0	0	0
Crown_Oz_L371.fasta-gb_NT.fasta	55	1200	66000	5147	7.798	843	0.703	648	0.54	0.573	0.427	20155	14619	11349	14680	0	0	22	28	0	0	0	0	0	0	0	3641	0	1506	0
Crown_Oz_L372.fasta-gb_NT.fasta	44	1512	66528	3242	4.873	869	0.575	687	0.454	0.524	0.476	21739	13689	16391	11359	0	0	57	51	0	0	0	0	0	0	0	2720	0	522	0
Crown_Oz_L373.fasta-gb_NT.fasta	33	435	14355	162	1.129	201	0.462	134	0.308	0.567	0.433	4073	2915	3227	3969	0	0	4	5	0	0	0	0	0	0	0	162	0	0	0
Crown_Oz_L374.fasta-gb_NT.fasta	36	732	26352	351	1.332	279	0.381	200	0.273	0.541	0.459	7633	5946	5988	6420	0	0	7	7	0	0	0	0	0	0	0	351	0	0	0
Crown_Oz_L375.fasta-gb_NT.fasta	36	1167	42012	1127	2.683	434	0.372	325	0.278	0.559	0.441	9990	9101	8931	12832	0	0	18	13	0	0	0	0	0	0	0	929	0	198	0
Crown_Oz_L376.fasta-gb_NT.fasta	44	1557	68508	416	0.607	829	0.532	639	0.41	0.526	0.474	22215	15149	17136	13551	0	0	24	17	0	0	0	0	0	0	0	416	0	0	0
Crown_Oz_L377.fasta-gb_NT.fasta	54	1440	77760	1887	2.427	822	0.571	649	0.451	0.558	0.442	23660	16375	17135	18655	0	0	23	25	0	0	0	0	0	0	0	1887	0	0	0
Crown_Oz_L378.fasta-gb_NT.fasta	43	1464	62952	6925	11.0	1105	0.755	775	0.529	0.557	0.443	16364	12515	12228	14850	0	0	32	38	0	0	0	0	0	0	0	2902	0	4023	0
Crown_Oz_L379.fasta-gb_NT.fasta	56	1083	60648	508	0.838	556	0.513	487	0.45	0.563	0.437	17686	13179	13050	16166	0	0	20	39	0	0	0	0	0	0	0	508	0	0	0
Crown_Oz_L38.fasta-gb_NT.fasta	70	1173	82110	6279	7.647	757	0.645	537	0.458	0.594	0.406	21769	14282	16470	23243	0	0	40	27	0	0	0	0	0	0	0	5604	0	675	0
Crown_Oz_L380.fasta-gb_NT.fasta	45	1449	65205	2687	4.121	584	0.403	452	0.312	0.508	0.492	16166	15733	15020	15569	0	0	15	15	0	0	0	0	0	0	0	2549	0	138	0
Crown_Oz_L381.fasta-gb_NT.fasta	39	696	27144	976	3.596	331	0.476	246	0.353	0.529	0.471	7008	6285	6043	6824	0	0	3	5	0	0	0	0	0	0	0	862	0	114	0
Crown_Oz_L382.fasta-gb_NT.fasta	36	945	34020	956	2.81	516	0.546	416	0.44	0.535	0.465	8010	8327	6969	9559	0	0	95	104	0	0	0	0	0	0	0	956	0	0	0
Crown_Oz_L383.fasta-gb_NT.fasta	30	336	10080	147	1.458	148	0.44	116	0.345	0.45	0.55	2527	2580	2876	1940	0	0	6	4	0	0	0	0	0	0	0	147	0	0	0
Crown_Oz_L384.fasta-gb_NT.fasta	41	717	29397	1076	3.66	529	0.738	432	0.603	0.543	0.457	8585	7193	5724	6777	0	0	22	20	0	0	0	0	0	0	0	1076	0	0	0
Crown_Oz_L385.fasta-gb_NT.fasta	12	1368	16416	1279	7.791	149	0.109	35	0.026	0.606	0.394	3439	3296	2660	5728	0	0	4	10	0	0	0	0	0	0	0	1267	0	12	0
Crown_Oz_L386.fasta-gb_NT.fasta	11	327	3597	22	0.612	49	0.15	6	0.018	0.616	0.384	1093	567	807	1108	0	0	0	0	0	0	0	0	0	0	0	22	0	0	0
Crown_Oz_L387.fasta-gb_NT.fasta	17	309	5253	309	5.882	111	0.359	48	0.155	0.556	0.444	1467	1108	1090	1277	0	0	1	1	0	0	0	0	0	0	0	309	0	0	0
Crown_Oz_L388.fasta-gb_NT.fasta	19	1659	31521	1010	3.204	698	0.421	248	0.149	0.582	0.418	8590	4984	7763	9156	0	0	9	9	0	0	0	0	0	0	0	938	0	72	0
Crown_Oz_L389.fasta-gb_NT.fasta	14	510	7140	635	8.894	53	0.104	12	0.024	0.591	0.409	1792	1442	1223	2039	0	0	5	4	0	0	0	0	0	0	0	632	0	3	0
Crown_Oz_L39.fasta-gb_NT.fasta	92	1155	106260	2303	2.167	633	0.548	546	0.473	0.593	0.407	28468	21721	20576	33120	0	0	35	37	0	0	0	0	0	0	0	2303	0	0	0
Crown_Oz_L390.fasta-gb_NT.fasta	20	633	12660	215	1.698	336	0.531	119	0.188	0.56	0.44	3685	3228	2242	3289	0	0	0	1	0	0	0	0	0	0	0	158	0	57	0
Crown_Oz_L391.fasta-gb_NT.fasta	17	534	9078	451	4.968	161	0.301	50	0.094	0.604	0.396	2673	1920	1490	2542	0	0	0	2	0	0	0	0	0	0	0	451	0	0	0
Crown_Oz_L392.fasta-gb_NT.fasta	19	618	11742	129	1.099	236	0.382	100	0.162	0.481	0.519	2779	3313	2710	2798	0	0	3	10	0	0	0	0	0	0	0	129	0	0	0
Crown_Oz_L393.fasta-gb_NT.fasta	21	1455	30555	1519	4.971	493	0.339	184	0.126	0.607	0.393	9842	5221	6146	7819	0	0	3	5	0	0	0	0	0	0	0	1519	0	0	0
Crown_Oz_L394.fasta-gb_NT.fasta	13	651	8463	75	0.886	219	0.336	100	0.154	0.522	0.478	2585	2041	1966	1784	0	0	7	5	0	0	0	0	0	0	0	75	0	0	0
Crown_Oz_L395.fasta-gb_NT.fasta	15	609	9135	250	2.737	210	0.345	90	0.148	0.525	0.475	2595	2099	2076	2027	0	0	45	43	0	0	0	0	0	0	0	250	0	0	0
Crown_Oz_L396.fasta-gb_NT.fasta	20	1710	34200	438	1.281	390	0.228	137	0.08	0.568	0.432	10094	7584	6980	9082	0	0	12	10	0	0	0	0	0	0	0	438	0	0	0
Crown_Oz_L397.fasta-gb_NT.fasta	20	669	13380	195	1.457	132	0.197	40	0.06	0.628	0.372	4337	2532	2367	3944	0	0	3	2	0	0	0	0	0	0	0	195	0	0	0
Crown_Oz_L398.fasta-gb_NT.fasta	17	561	9537	424	4.446	218	0.389	80	0.143	0.365	0.635	2108	3039	2743	1213	0	0	3	7	0	0	0	0	0	0	0	376	0	48	0
Crown_Oz_L399.fasta-gb_NT.fasta	12	543	6516	491	7.535	170	0.313	72	0.133	0.435	0.565	1701	1640	1762	912	0	0	4	6	0	0	0	0	0	0	0	488	0	3	0
Crown_Oz_L4.fasta-gb_NT.fasta	100	1641	164100	4243	2.586	1123	0.684	985	0.6	0.544	0.456	48537	40755	32159	38330	0	0	40	36	0	0	0	0	0	0	0	4243	0	0	0
Crown_Oz_L40.fasta-gb_NT.fasta	96	1365	131040	3495	2.667	660	0.484	579	0.424	0.545	0.455	38051	27396	30641	31383	0	0	35	39	0	0	0	0	0	0	0	2058	0	1437	0
Crown_Oz_L400.fasta-gb_NT.fasta	20	1344	26880	1772	6.592	803	0.597	303	0.225	0.579	0.421	7500	6060	4491	7039	0	0	10	8	0	0	0	0	0	0	0	1109	0	663	0
Crown_Oz_L401.fasta-gb_NT.fasta	18	1527	27486	285	1.037	481	0.315	116	0.076	0.555	0.445	7506	5626	6477	7578	0	0	8	6	0	0	0	0	0	0	0	285	0	0	0
Crown_Oz_L402.fasta-gb_NT.fasta	15	1116	16740	1729	10.329	177	0.159	38	0.034	0.583	0.417	3931	3101	3126	4848	0	0	5	0	0	0	0	0	0	0	0	1723	0	6	0
Crown_Oz_L403.fasta-gb_NT.fasta	14	960	13440	119	0.885	334	0.348	101	0.105	0.512	0.488	3212	3556	2941	3597	0	0	4	11	0	0	0	0	0	0	0	119	0	0	0
Crown_Oz_L404.fasta-gb_NT.fasta	14	531	7434	154	2.072	180	0.339	34	0.064	0.562	0.438	2353	1964	1218	1740	0	0	3	2	0	0	0	0	0	0	0	154	0	0	0
Crown_Oz_L405.fasta-gb_NT.fasta	17	513	8721	412	4.724	191	0.372	90	0.175	0.501	0.499	1974	1825	2315	2188	0	0	5	2	0	0	0	0	0	0	0	400	0	12	0
Crown_Oz_L406.fasta-gb_NT.fasta	18	705	12690	211	1.663	158	0.224	70	0.099	0.433	0.567	2254	3520	3551	3145	0	0	2	7	0	0	0	0	0	0	0	211	0	0	0
Crown_Oz_L407.fasta-gb_NT.fasta	14	1362	19068	475	2.491	346	0.254	113	0.083	0.418	0.582	3640	5606	5212	4126	0	0	5	4	0	0	0	0	0	0	0	475	0	0	0
Crown_Oz_L408.fasta-gb_NT.fasta	17	855	14535	959	6.598	309	0.361	65	0.076	0.6	0.4	4139	2773	2636	3990	0	0	21	17	0	0	0	0	0	0	0	956	0	3	0
Crown_Oz_L409.fasta-gb_NT.fasta	21	726	15246	186	1.22	268	0.369	145	0.2	0.424	0.576	3040	4307	4361	3330	0	0	10	12	0	0	0	0	0	0	0	186	0	0	0
Crown_Oz_L41.fasta-gb_NT.fasta	84	1086	91224	8552	9.375	712	0.656	577	0.531	0.605	0.395	27614	15375	17211	22398	0	0	34	40	0	0	0	0	0	0	0	7472	0	1080	0
Crown_Oz_L410.fasta-gb_NT.fasta	19	1200	22800	570	2.5	278	0.232	70	0.058	0.585	0.415	6036	4688	4536	6958	0	0	4	8	0	0	0	0	0	0	0	570	0	0	0
Crown_Oz_L411.fasta-gb_NT.fasta	20	771	15420	565	3.664	205	0.266	79	0.102	0.586	0.414	4031	2773	3371	4671	0	0	6	3	0	0	0	0	0	0	0	505	0	60	0
Crown_Oz_L412.fasta-gb_NT.fasta	16	633	10128	588	5.806	221	0.349	54	0.085	0.556	0.444	2756	1957	2289	2526	0	0	2	10	0	0	0	0	0	0	0	588	0	0	0
Crown_Oz_L413.fasta-gb_NT.fasta	20	1164	23280	1024	4.399	613	0.527	299	0.257	0.554	0.446	6411	4494	5370	5937	0	0	26	18	0	0	0	0	0	0	0	967	0	57	0
Crown_Oz_L414.fasta-gb_NT.fasta	16	522	8352	63	0.754	201	0.385	62	0.119	0.605	0.395	2740	1680	1591	2271	0	0	3	4	0	0	0	0	0	0	0	63	0	0	0
Crown_Oz_L415.fasta-gb_NT.fasta	13	519	6747	208	3.083	80	0.154	28	0.054	0.581	0.419	1867	1304	1435	1930	0	0	1	2	0	0	0	0	0	0	0	208	0	0	0
Crown_Oz_L416.fasta-gb_NT.fasta	19	684	12996	205	1.577	201	0.294	116	0.17	0.517	0.483	3745	3532	2636	2865	0	0	7	6	0	0	0	0	0	0	0	205	0	0	0
Crown_Oz_L417.fasta-gb_NT.fasta	10	738	7380	328	4.444	63	0.085	15	0.02	0.563	0.437	1671	1620	1463	2296	0	0	2	0	0	0	0	0	0	0	0	328	0	0	0
Crown_Oz_L418.fasta-gb_NT.fasta	19	501	9519	244	2.563	100	0.2	36	0.072	0.564	0.436	2817	2106	1932	2416	0	0	3	1	0	0	0	0	0	0	0	244	0	0	0
Crown_Oz_L419.fasta-gb_NT.fasta	20	546	10920	183	1.676	121	0.222	71	0.13	0.512	0.488	3236	2929	2301	2263	0	0	4	4	0	0	0	0	0	0	0	183	0	0	0
Crown_Oz_L42.fasta-gb_NT.fasta	98	885	86730	500	0.577	481	0.544	382	0.432	0.585	0.415	26449	17990	17828	23940	0	0	8	15	0	0	0	0	0	0	0	224	0	276	0
Crown_Oz_L420.fasta-gb_NT.fasta	19	642	12198	537	4.402	219	0.341	79	0.123	0.389	0.611	1971	3947	3169	2546	0	0	18	10	0	0	0	0	0	0	0	537	0	0	0
Crown_Oz_L421.fasta-gb_NT.fasta	20	1248	24960	3404	13.638	411	0.329	126	0.101	0.586	0.414	6277	4710	4228	6336	0	0	3	2	0	0	0	0	0	0	0	2609	0	795	0
Crown_Oz_L422.fasta-gb_NT.fasta	19	1248	23712	1390	5.862	515	0.413	185	0.148	0.571	0.429	5534	4340	5199	7205	0	0	17	27	0	0	0	0	0	0	0	1390	0	0	0
Crown_Oz_L423.fasta-gb_NT.fasta	21	1434	30114	2390	7.937	762	0.531	270	0.188	0.62	0.38	7796	5757	4782	9370	0	0	12	7	0	0	0	0	0	0	0	2390	0	0	0
Crown_Oz_L424.fasta-gb_NT.fasta	20	1524	30480	704	2.31	509	0.334	199	0.131	0.504	0.496	7525	6707	8028	7458	0	0	29	29	0	0	0	0	0	0	0	683	0	21	0
Crown_Oz_L425.fasta-gb_NT.fasta	21	1485	31185	1279	4.101	686	0.462	270	0.182	0.591	0.409	9684	6235	5994	7971	0	0	12	10	0	0	0	0	0	0	0	952	0	327	0
Crown_Oz_L426.fasta-gb_NT.fasta	21	1734	36414	744	2.043	623	0.359	247	0.142	0.605	0.395	11569	6585	7474	10013	0	0	13	16	0	0	0	0	0	0	0	615	0	129	0
Crown_Oz_L427.fasta-gb_NT.fasta	19	564	10716	286	2.669	209	0.371	86	0.152	0.503	0.497	2833	2406	2774	2406	0	0	2	9	0	0	0	0	0	0	0	286	0	0	0
Crown_Oz_L428.fasta-gb_NT.fasta	18	261	4698	280	5.96	42	0.161	16	0.061	0.622	0.378	1343	749	918	1401	0	0	1	6	0	0	0	0	0	0	0	280	0	0	0
Crown_Oz_L429.fasta-gb_NT.fasta	19	822	15618	240	1.537	395	0.481	123	0.15	0.591	0.409	4944	2775	3513	4128	0	0	14	4	0	0	0	0	0	0	0	186	0	54	0
Crown_Oz_L43.fasta-gb_NT.fasta	74	1356	100344	1616	1.61	749	0.552	592	0.437	0.53	0.47	28954	24206	22175	23299	0	0	41	53	0	0	0	0	0	0	0	1616	0	0	0
Crown_Oz_L430.fasta-gb_NT.fasta	17	309	5253	738	14.049	121	0.392	56	0.181	0.523	0.477	1529	1016	1128	830	0	0	4	8	0	0	0	0	0	0	0	429	0	309	0
Crown_Oz_L431.fasta-gb_NT.fasta	21	672	14112	191	1.353	186	0.277	95	0.141	0.508	0.492	3684	3348	3505	3382	0	0	1	1	0	0	0	0	0	0	0	191	0	0	0
Crown_Oz_L432.fasta-gb_NT.fasta	23	1086	24978	1271	5.088	684	0.63	450	0.414	0.587	0.413	6727	4019	5767	7179	0	0	6	9	0	0	0	0	0	0	0	1238	0	33	0
Crown_Oz_L433.fasta-gb_NT.fasta	23	1053	24219	1916	7.911	616	0.585	437	0.415	0.453	0.547	4670	5773	6406	5434	0	0	9	11	0	0	0	0	0	0	0	1916	0	0	0
Crown_Oz_L434.fasta-gb_NT.fasta	19	618	11742	533	4.539	337	0.545	206	0.333	0.611	0.389	3665	2609	1750	3174	0	0	5	6	0	0	0	0	0	0	0	425	0	108	0
Crown_Oz_L435.fasta-gb_NT.fasta	16	609	9744	268	2.75	171	0.281	118	0.194	0.405	0.595	1553	3002	2638	2278	0	0	2	3	0	0	0	0	0	0	0	268	0	0	0
Crown_Oz_L436.fasta-gb_NT.fasta	23	1158	26634	732	2.748	520	0.449	345	0.298	0.515	0.485	8389	6605	5963	4931	0	0	4	10	0	0	0	0	0	0	0	732	0	0	0
Crown_Oz_L437.fasta-gb_NT.fasta	15	699	10485	542	5.169	373	0.534	212	0.303	0.509	0.491	2795	2161	2719	2257	0	0	9	2	0	0	0	0	0	0	0	524	0	18	0
Crown_Oz_L438.fasta-gb_NT.fasta	26	831	21606	729	3.374	373	0.449	242	0.291	0.562	0.438	6657	4327	4816	5063	0	0	7	7	0	0	0	0	0	0	0	654	0	75	0
Crown_Oz_L439.fasta-gb_NT.fasta	13	816	10608	475	4.478	283	0.347	157	0.192	0.53	0.47	3405	2150	2600	1949	0	0	17	12	0	0	0	0	0	0	0	475	0	0	0
Crown_Oz_L44.fasta-gb_NT.fasta	101	1506	152106	1455	0.957	975	0.647	816	0.542	0.562	0.438	47456	36443	29547	37144	0	0	33	28	0	0	0	0	0	0	0	1455	0	0	0
Crown_Oz_L440.fasta-gb_NT.fasta	19	912	17328	510	2.943	256	0.281	155	0.17	0.547	0.453	4875	3431	4171	4317	0	0	13	11	0	0	0	0	0	0	0	510	0	0	0
Crown_Oz_L441.fasta-gb_NT.fasta	12	549	6588	196	2.975	209	0.381	124	0.226	0.507	0.493	1542	1570	1582	1694	0	0	3	1	0	0	0	0	0	0	0	163	0	33	0
Crown_Oz_L442.fasta-gb_NT.fasta	20	1314	26280	2356	8.965	805	0.613	484	0.368	0.563	0.437	5565	5510	4913	7904	0	0	11	21	0	0	0	0	0	0	0	2308	0	48	0
Crown_Oz_L443.fasta-gb_NT.fasta	25	1173	29325	1333	4.546	646	0.551	397	0.338	0.539	0.461	7519	6095	6805	7555	0	0	11	7	0	0	0	0	0	0	0	1174	0	159	0
Crown_Oz_L444.fasta-gb_NT.fasta	21	1278	26838	1822	6.789	742	0.581	516	0.404	0.564	0.436	7140	5621	5286	6945	0	0	11	13	0	0	0	0	0	0	0	1756	0	66	0
Crown_Oz_L445.fasta-gb_NT.fasta	24	1527	36648	1105	3.015	771	0.505	411	0.269	0.609	0.391	11819	6211	7681	9814	0	0	9	9	0	0	0	0	0	0	0	952	0	153	0
Crown_Oz_L446.fasta-gb_NT.fasta	18	519	9342	434	4.646	245	0.472	135	0.26	0.535	0.465	2403	1958	2170	2368	0	0	6	3	0	0	0	0	0	0	0	428	0	6	0
Crown_Oz_L447.fasta-gb_NT.fasta	21	609	12789	245	1.916	343	0.563	212	0.348	0.612	0.388	3628	2466	2399	4029	0	0	7	15	0	0	0	0	0	0	0	245	0	0	0
Crown_Oz_L448.fasta-gb_NT.fasta	20	1281	25620	1906	7.44	786	0.614	508	0.397	0.511	0.489	5597	4993	6581	6498	0	0	20	25	0	0	0	0	0	0	0	1897	0	9	0
Crown_Oz_L449.fasta-gb_NT.fasta	11	396	4356	126	2.893	178	0.449	80	0.202	0.575	0.425	1355	968	828	1077	0	0	1	1	0	0	0	0	0	0	0	126	0	0	0
Crown_Oz_L45.fasta-gb_NT.fasta	97	1377	133569	2207	1.652	892	0.648	767	0.557	0.616	0.384	55091	21451	28921	25854	0	0	33	12	0	0	0	0	0	0	0	2207	0	0	0
Crown_Oz_L450.fasta-gb_NT.fasta	23	1338	30774	1203	3.909	753	0.563	464	0.347	0.618	0.382	9816	6440	4855	8433	0	0	15	12	0	0	0	0	0	0	0	1065	0	138	0
Crown_Oz_L46.fasta-gb_NT.fasta	92	1212	111504	767	0.688	714	0.589	607	0.501	0.584	0.416	35351	24748	21293	29282	0	0	37	26	0	0	0	0	0	0	0	767	0	0	0
Crown_Oz_L47.fasta-gb_NT.fasta	101	1416	143016	4570	3.195	738	0.521	522	0.369	0.531	0.469	40341	36572	28306	33196	0	0	16	15	0	0	0	0	0	0	0	2452	0	2118	0
Crown_Oz_L48.fasta-gb_NT.fasta	97	1161	112617	2088	1.854	587	0.506	479	0.413	0.595	0.405	35727	21741	23028	29986	0	0	20	27	0	0	0	0	0	0	0	2088	0	0	0
Crown_Oz_L49.fasta-gb_NT.fasta	70	1584	110880	7486	6.751	1024	0.646	838	0.529	0.603	0.397	35413	19944	21160	26857	0	0	5	15	0	0	0	0	0	0	0	7462	0	24	0
Crown_Oz_L5.fasta-gb_NT.fasta	66	678	44748	834	1.864	320	0.472	274	0.404	0.369	0.631	8867	14580	13125	7294	0	0	15	33	0	0	0	0	0	0	0	828	0	6	0
Crown_Oz_L50.fasta-gb_NT.fasta	95	1101	104595	1325	1.267	569	0.517	502	0.456	0.617	0.383	31429	21143	18388	32253	0	0	25	32	0	0	0	0	0	0	0	1040	0	285	0
Crown_Oz_L51.fasta-gb_NT.fasta	97	699	67803	1232	1.817	401	0.574	334	0.478	0.585	0.415	22285	14629	12978	16653	0	0	8	18	0	0	0	0	0	0	0	1232	0	0	0
Crown_Oz_L52.fasta-gb_NT.fasta	99	1365	135135	5798	4.291	846	0.62	701	0.514	0.589	0.411	40299	24089	28983	35909	0	0	28	29	0	0	0	0	0	0	0	4358	0	1440	0
Crown_Oz_L53.fasta-gb_NT.fasta	99	309	30591	559	1.827	124	0.401	98	0.317	0.539	0.461	9412	6952	6879	6769	0	0	9	11	0	0	0	0	0	0	0	559	0	0	0
Crown_Oz_L54.fasta-gb_NT.fasta	99	1401	138699	7138	5.146	1054	0.752	879	0.627	0.565	0.435	42536	33355	23772	31813	0	0	44	41	0	0	0	0	0	0	0	5365	0	1773	0
Crown_Oz_L55.fasta-gb_NT.fasta	74	1293	95682	6005	6.276	789	0.61	674	0.521	0.583	0.417	25847	15740	21636	26377	0	0	44	33	0	0	0	0	0	0	0	3998	0	2007	0
Crown_Oz_L56.fasta-gb_NT.fasta	101	1347	136047	970	0.713	602	0.447	550	0.408	0.562	0.438	45995	29625	29548	29811	0	0	45	53	0	0	0	0	0	0	0	970	0	0	0
Crown_Oz_L57.fasta-gb_NT.fasta	63	732	46116	103	0.223	278	0.38	247	0.337	0.531	0.469	11678	11231	10338	12705	0	0	17	44	0	0	0	0	0	0	0	103	0	0	0
Crown_Oz_L58.fasta-gb_NT.fasta	99	930	92070	263	0.286	407	0.438	366	0.394	0.582	0.418	24193	20795	17543	29242	0	0	14	20	0	0	0	0	0	0	0	263	0	0	0
Crown_Oz_L59.fasta-gb_NT.fasta	94	1281	120414	6267	5.205	916	0.715	756	0.59	0.589	0.411	43611	20419	26378	23673	0	0	44	22	0	0	0	0	0	0	0	6267	0	0	0
Crown_Oz_L6.fasta-gb_NT.fasta	99	1335	132165	7629	5.772	945	0.708	788	0.59	0.589	0.411	47084	25502	25651	26185	0	0	61	53	0	0	0	0	0	0	0	7446	0	183	0
Crown_Oz_L60.fasta-gb_NT.fasta	64	1329	85056	2364	2.779	895	0.673	712	0.536	0.613	0.387	30344	15067	16932	20315	0	0	18	16	0	0	0	0	0	0	0	2328	0	36	0
Crown_Oz_L61.fasta-gb_NT.fasta	100	1452	145200	1159	0.798	793	0.546	691	0.476	0.498	0.502	40824	41455	30879	30796	0	0	41	46	0	0	0	0	0	0	0	1159	0	0	0
Crown_Oz_L62.fasta-gb_NT.fasta	73	1239	90447	3958	4.376	770	0.621	586	0.473	0.581	0.419	28659	18183	18069	21528	0	0	25	25	0	0	0	0	0	0	0	3229	0	729	0
Crown_Oz_L63.fasta-gb_NT.fasta	99	1584	156816	6437	4.105	885	0.559	727	0.459	0.607	0.393	50886	33960	25064	40403	0	0	32	34	0	0	0	0	0	0	0	6122	0	315	0
Crown_Oz_L64.fasta-gb_NT.fasta	100	1140	114000	3284	2.881	645	0.566	586	0.514	0.56	0.44	28499	25921	22686	33512	0	0	45	53	0	0	0	0	0	0	0	3284	0	0	0
Crown_Oz_L65.fasta-gb_NT.fasta	67	873	58491	2784	4.76	572	0.655	433	0.496	0.611	0.389	18064	9959	11677	15961	0	0	23	23	0	0	0	0	0	0	0	2436	0	348	0
Crown_Oz_L66.fasta-gb_NT.fasta	101	1608	162408	7456	4.591	1018	0.633	817	0.508	0.568	0.432	50626	37097	29778	37403	0	0	27	21	0	0	0	0	0	0	0	6532	0	924	0
Crown_Oz_L67.fasta-gb_NT.fasta	100	1236	123600	3146	2.545	784	0.634	667	0.54	0.45	0.55	34887	31164	34976	19357	0	0	38	32	0	0	0	0	0	0	0	2426	0	720	0
Crown_Oz_L68.fasta-gb_NT.fasta	72	1563	112536	808	0.718	689	0.441	546	0.349	0.524	0.476	33836	29990	23197	24626	0	0	39	40	0	0	0	0	0	0	0	808	0	0	0
Crown_Oz_L69.fasta-gb_NT.fasta	84	675	56700	2658	4.688	319	0.473	264	0.391	0.518	0.482	15236	12949	13130	12706	0	0	8	13	0	0	0	0	0	0	0	2658	0	0	0
Crown_Oz_L7.fasta-gb_NT.fasta	74	1206	89244	579	0.649	543	0.45	473	0.392	0.546	0.454	22874	20392	19831	25493	0	0	37	38	0	0	0	0	0	0	0	579	0	0	0
Crown_Oz_L70.fasta-gb_NT.fasta	69	1335	92115	6125	6.649	833	0.624	620	0.464	0.555	0.445	23121	19402	18794	24619	0	0	19	35	0	0	0	0	0	0	0	5771	0	354	0
Crown_Oz_L71.fasta-gb_NT.fasta	64	1050	67200	2908	4.327	510	0.486	421	0.401	0.554	0.446	15084	15375	13339	20426	0	0	29	39	0	0	0	0	0	0	0	2908	0	0	0
Crown_Oz_L72.fasta-gb_NT.fasta	94	930	87420	1386	1.585	446	0.48	382	0.411	0.608	0.392	23440	17758	15961	28831	0	0	16	28	0	0	0	0	0	0	0	1386	0	0	0
Crown_Oz_L73.fasta-gb_NT.fasta	65	684	44460	926	2.083	422	0.617	351	0.513	0.593	0.407	14496	9156	8510	11302	0	0	32	38	0	0	0	0	0	0	0	926	0	0	0
Crown_Oz_L74.fasta-gb_NT.fasta	70	1242	86940	4880	5.613	901	0.725	742	0.597	0.613	0.387	29142	15657	16061	21103	0	0	67	30	0	0	0	0	0	0	0	4868	0	12	0
Crown_Oz_L75.fasta-gb_NT.fasta	101	1413	142713	3319	2.326	806	0.57	655	0.464	0.553	0.447	43952	31830	30462	33098	0	0	23	29	0	0	0	0	0	0	0	2113	0	1206	0
Crown_Oz_L76.fasta-gb_NT.fasta	100	1569	156900	513	0.327	759	0.484	572	0.365	0.502	0.498	43953	45702	32078	34606	0	0	19	29	0	0	0	0	0	0	0	513	0	0	0
Crown_Oz_L77.fasta-gb_NT.fasta	100	1575	157500	1432	0.909	615	0.39	478	0.303	0.53	0.47	44955	36935	36418	37693	0	0	23	44	0	0	0	0	0	0	0	1432	0	0	0
Crown_Oz_L78.fasta-gb_NT.fasta	71	807	57297	4308	7.519	521	0.646	330	0.409	0.631	0.369	16170	10490	9065	17218	0	0	16	30	0	0	0	0	0	0	0	3525	0	783	0
Crown_Oz_L79.fasta-gb_NT.fasta	101	1683	169983	2029	1.194	921	0.547	793	0.471	0.594	0.406	58256	36291	31804	41547	0	0	22	34	0	0	0	0	0	0	0	2029	0	0	0
Crown_Oz_L8.fasta-gb_NT.fasta	98	1041	102018	1159	1.136	699	0.671	596	0.573	0.557	0.443	29289	21241	23416	26769	0	0	71	73	0	0	0	0	0	0	0	1159	0	0	0
Crown_Oz_L80.fasta-gb_NT.fasta	101	1578	159378	1076	0.675	844	0.535	684	0.433	0.551	0.449	49233	39556	31466	37940	0	0	58	49	0	0	0	0	0	0	0	1076	0	0	0
Crown_Oz_L81.fasta-gb_NT.fasta	98	1290	126420	7267	5.748	866	0.671	760	0.589	0.549	0.451	37437	28410	25329	27868	0	0	52	57	0	0	0	0	0	0	0	6982	0	285	0
Crown_Oz_L82.fasta-gb_NT.fasta	68	1275	86700	3151	3.634	913	0.716	761	0.597	0.551	0.449	23040	18825	18629	22963	0	0	36	56	0	0	0	0	0	0	0	2725	0	426	0
Crown_Oz_L83.fasta-gb_NT.fasta	100	1557	155700	4314	2.771	877	0.563	762	0.489	0.514	0.486	32798	39129	34611	44717	0	0	53	78	0	0	0	0	0	0	0	4293	0	21	0
Crown_Oz_L84.fasta-gb_NT.fasta	97	960	93120	522	0.561	527	0.549	456	0.475	0.522	0.478	25111	23805	20421	23197	0	0	34	30	0	0	0	0	0	0	0	501	0	21	0
Crown_Oz_L85.fasta-gb_NT.fasta	91	1068	97188	406	0.418	526	0.493	465	0.435	0.566	0.434	26413	19347	22656	28297	0	0	33	36	0	0	0	0	0	0	0	406	0	0	0
Crown_Oz_L86.fasta-gb_NT.fasta	69	933	64377	3499	5.435	697	0.747	606	0.65	0.602	0.398	17715	10559	13625	18921	0	0	27	31	0	0	0	0	0	0	0	3340	0	159	0
Crown_Oz_L87.fasta-gb_NT.fasta	98	1299	127302	1407	1.105	692	0.533	598	0.46	0.564	0.436	36252	24669	30234	34710	0	0	13	17	0	0	0	0	0	0	0	1380	0	27	0
Crown_Oz_L88.fasta-gb_NT.fasta	101	1434	144834	3097	2.138	769	0.536	649	0.453	0.568	0.432	43900	31143	30077	36547	0	0	35	35	0	0	0	0	0	0	0	2758	0	339	0
Crown_Oz_L89.fasta-gb_NT.fasta	99	1044	103356	2295	2.22	548	0.525	474	0.454	0.598	0.402	29682	18603	21980	30719	0	0	32	45	0	0	0	0	0	0	0	2001	0	294	0
Crown_Oz_L9.fasta-gb_NT.fasta	97	543	52671	529	1.004	212	0.39	196	0.361	0.513	0.487	13595	13232	12163	13137	0	0	8	7	0	0	0	0	0	0	0	529	0	0	0
Crown_Oz_L90.fasta-gb_NT.fasta	96	1272	122112	5701	4.669	883	0.694	745	0.586	0.594	0.406	34198	21290	25993	34845	0	0	29	56	0	0	0	0	0	0	0	3442	0	2259	0
Crown_Oz_L91.fasta-gb_NT.fasta	97	1329	128913	4490	3.483	822	0.619	700	0.527	0.517	0.483	35972	27977	31983	28444	0	0	26	21	0	0	0	0	0	0	0	4490	0	0	0
Crown_Oz_L92.fasta-gb_NT.fasta	99	843	83457	2590	3.103	505	0.599	347	0.412	0.539	0.461	25288	17859	19443	18246	0	0	19	12	0	0	0	0	0	0	0	1702	0	888	0
Crown_Oz_L93.fasta-gb_NT.fasta	90	1485	133650	5072	3.795	1004	0.676	810	0.545	0.517	0.483	37767	31793	30276	28643	0	0	42	57	0	0	0	0	0	0	0	4259	0	813	0
Crown_Oz_L94.fasta-gb_NT.fasta	97	816	79152	583	0.737	454	0.556	406	0.498	0.512	0.488	22249	20053	18287	17914	0	0	31	35	0	0	0	0	0	0	0	583	0	0	0
Crown_Oz_L95.fasta-gb_NT.fasta	63	1473	92799	2852	3.073	789	0.536	638	0.433	0.582	0.418	25715	19577	17995	26518	0	0	65	77	0	0	0	0	0	0	0	2021	0	831	0
Crown_Oz_L96.fasta-gb_NT.fasta	91	1521	138411	2723	1.967	888	0.584	716	0.471	0.57	0.43	44057	32583	25704	33260	0	0	47	37	0	0	0	0	0	0	0	2723	0	0	0
Crown_Oz_L97.fasta-gb_NT.fasta	71	1140	80940	4732	5.846	771	0.676	655	0.575	0.576	0.424	24918	16714	15580	18946	0	0	36	14	0	0	0	0	0	0	0	3862	0	870	0
Crown_Oz_L98.fasta-gb_NT.fasta	99	1551	153549	1451	0.945	799	0.515	711	0.458	0.553	0.447	40453	34337	33629	43597	0	0	42	40	0	0	0	0	0	0	0	1451	0	0	0
Crown_Oz_L99.fasta-gb_NT.fasta	71	1245	88395	2989	3.381	342	0.275	244	0.196	0.539	0.461	22404	18802	20565	23593	0	0	18	24	0	0	0	0	0	0	0	2776	0	213	0